0 0
1 -1
2 -2
3 -1
4 0
5 -1
6 0
7 -1
8 -2
9 -1
10 0
11 1
12 2
13 1
14 0
15 -1
16 0
17 1
18 2
19 1
20 0
21 1
22 2
23 3
24 2
25 3
26 4
27 5
28 6
29 7
30 8
31 7
32 8
33 9
34 8
35 9
36 8
37 9
38 10
39 9
40 10
41 9
42 8
43 7
44 6
45 5
46 6
47 7
48 6
49 7
50 6
51 7
52 8
53 7
54 8
55 7
56 6
57 5
58 4
59 5
60 6
61 7
62 8
63 7
64 6
65 5
66 6
67 7
68 6
69 7
70 6
71 7
72 8
73 7
74 6
75 5
76 4
77 3
78 4
79 3
80 4
81 3
82 4
83 5
84 4
85 3
86 4
87 3
88 4
89 3
90 4
91 3
92 4
93 5
94 4
95 5
96 4
97 5
98 4
99 3
100 2
101 3
102 4
103 5
104 4
105 5
106 6
107 5
108 6
109 7
110 8
111 9
112 8
113 9
114 8
115 7
116 8
117 7
118 8
119 9
120 10
121 11
122 12
123 11
124 12
125 13
126 14
127 13
128 12
129 11
130 12
131 13
132 14
133 15
134 14
135 13
136 14
137 15
138 14
139 13
140 14
141 15
142 16
143 17
144 18
145 17
146 18
147 19
148 20
149 21
150 20
151 19
152 18
153 17
154 18
155 19
156 20
157 19
158 20
159 19
160 18
161 19
162 18
163 19
164 20
165 19
166 20
167 19
168 18
169 17
170 16
171 17
172 18
173 19
174 20
175 19
176 20
177 19
178 20
179 19
180 20
181 19
182 18
183 19
184 18
185 17
186 18
187 17
188 18
189 19
190 20
191 21
192 22
193 21
194 22
195 23
196 22
197 21
198 20
199 21
200 22
201 23
202 24
203 25
204 24
205 23
206 24
207 25
208 24
209 23
210 22
211 21
212 20
213 19
214 20
215 19
216 20
217 19
218 20
219 21
220 20
221 21
222 22
223 23
224 24
225 23
226 24
227 25
228 26
229 27
230 26
231 27
232 26
233 25
234 26
235 27
236 28
237 29
238 30
239 31
240 32
241 33
242 34
243 35
244 36
245 37
246 36
247 37
248 38
249 39
250 40
251 39
252 40
253 39
254 40
255 41
256 42
257 41
258 40
259 39
260 38
261 39
262 40
263 41
264 40
265 39
266 38
267 37
268 36
269 37
270 36
271 35
272 36
273 35
274 34
275 33
276 32
277 31
278 32
279 31
280 30
281 29
282 28
283 29
284 30
285 31
286 32
287 33
288 34
289 33
290 34
291 33
292 32
293 33
294 32
295 33
296 34
297 35
298 34
299 35
300 36
301 35
302 34
303 33
304 32
305 33
306 34
307 33
308 32
309 31
310 30
311 29
312 30
313 29
314 30
315 29
316 30
317 29
318 30
319 29
320 28
321 27
322 28
323 29
324 28
325 27
326 28
327 27
328 28
329 29
330 28
331 27
332 26
333 25
334 26
335 25
336 26
337 27
338 26
339 25
340 26
341 27
342 26
343 27
344 26
345 25
346 26
347 25
348 24
349 25
350 26
351 27
352 28
353 29
354 30
355 31
356 32
357 31
358 30
359 31
360 30
361 29
362 28
363 27
364 28
365 27
366 26
367 25
368 24
369 25
370 24
371 23
372 24
373 25
374 24
375 25
376 26
377 27
378 26
379 27
380 28
381 27
382 26
383 27
384 28
385 29
386 30
387 31
388 32
389 31
390 32
391 33
392 32
393 31
394 32
395 31
396 32
397 31
398 32
399 31
400 32
401 31
402 32
403 33
404 34
405 33
406 34
407 35
408 34
409 33
410 34
411 33
412 32
413 33
414 32
415 31
416 30
417 31
418 30
419 29
420 30
421 31
422 32
423 33
424 32
425 31
426 30
427 29
428 28
429 27
430 28
431 27
432 28
433 27
434 26
435 27
436 28
437 27
438 26
439 25
440 26
441 25
442 26
443 27
444 26
445 27
446 28
447 27
448 28
449 27
450 28
451 29
452 28
453 29
454 28
455 27
456 28
457 29
458 28
459 27
460 28
461 27
462 28
463 27
464 26
465 25
466 24
467 25
468 24
469 23
470 24
471 23
472 24
473 23
474 22
475 23
476 24
477 23
478 24
479 23
480 24
481 23
482 24
483 23
484 22
485 21
486 20
487 19
488 20
489 19
490 18
491 17
492 18
493 19
494 18
495 19
496 18
497 17
498 18
499 17
500 16
501 15
502 16
503 15
504 14
505 13
506 14
507 13
508 14
509 13
510 14
511 13
512 12
513 13
514 12
515 13
516 12
517 11
518 12
519 13
520 12
521 13
522 14
523 15
524 16
525 17
526 18
527 17
528 16
529 15
530 14
531 13
532 14
533 13
534 14
535 13
536 14
537 13
538 12
539 13
540 14
541 13
542 14
543 15
544 14
545 13
546 14
547 15
548 16
549 15
550 16
551 17
552 18
553 17
554 16
555 17
556 18
557 19
558 18
559 19
560 18
561 17
562 18
563 19
564 20
565 21
566 20
567 21
568 20
569 19
570 18
571 19
572 20
573 19
574 18
575 19
576 18
577 17
578 18
579 19
580 20
581 21
582 22
583 23
584 24
585 25
586 24
587 25
588 26
589 27
590 26
591 25
592 26
593 27
594 28
595 29
596 30
597 31
598 30
599 29
600 28
601 29
602 30
603 29
604 30
605 29
606 28
607 29
608 28
609 29
610 28
611 29
612 30
613 31
614 30
615 31
616 32
617 33
618 32
619 33
620 32
621 31
622 32
623 33
624 32
625 33
626 32
627 33
628 32
629 33
630 34
631 35
632 34
633 33
634 32
635 31
636 30
637 29
638 30
639 31
640 32
641 33
642 34
643 33
644 34
645 35
646 36
647 37
648 38
649 37
650 38
651 37
652 36
653 35
654 36
655 35
656 36
657 35
658 36
659 37
660 38
661 37
662 36
663 35
664 34
665 35
666 36
667 37
668 38
669 37
670 38
671 37
672 36
673 35
674 34
675 35
676 34
677 33
678 32
679 33
680 32
681 33
682 32
683 33
684 34
685 33
686 34
687 35
688 34
689 35
690 36
691 37
692 36
693 35
694 34
695 35
696 34
697 35
698 36
699 35
700 34
701 33
702 32
703 31
704 30
705 29
706 30
707 29
708 30
709 31
710 30
711 29
712 30
713 31
714 32
715 33
716 34
717 35
718 36
719 37
720 38
721 37
722 36
723 35
724 36
725 37
726 38
727 37
728 38
729 39
730 38
731 37
732 38
733 37
734 36
735 35
736 34
737 33
738 32
739 31
740 32
741 33
742 32
743 31
744 32
745 33
746 34
747 33
748 34
749 35
750 36
751 35
752 34
753 33
754 32
755 31
756 30
757 29
758 28
759 29
760 28
761 27
762 26
763 25
764 24
765 23
766 24
767 23
768 24
769 23
770 22
771 21
772 20
773 19
774 20
775 19
776 20
777 21
778 22
779 21
780 20
781 19
782 18
783 19
784 20
785 21
786 22
787 21
788 22
789 21
790 22
791 23
792 24
793 23
794 24
795 25
796 24
797 23
798 22
799 23
800 24
801 25
802 26
803 25
804 26
805 27
806 28
807 27
808 26
809 27
810 28
811 27
812 28
813 27
814 28
815 29
816 28
817 27
818 26
819 27
820 26
821 27
822 28
823 27
824 26
825 25
826 26
827 27
828 28
829 29
830 30
831 29
832 28
833 29
834 28
835 29
836 30
837 29
838 28
839 27
840 26
841 27
842 26
843 27
844 26
845 27
846 28
847 29
848 28
849 27
850 26
851 27
852 26
853 27
854 28
855 29
856 30
857 31
858 30
859 29
860 30
861 31
862 32
863 33
864 32
865 31
866 30
867 29
868 30
869 29
870 28
871 27
872 26
873 27
874 26
875 25
876 24
877 23
878 22
879 21
880 20
881 21
882 20
883 19
884 20
885 21
886 20
887 19
888 18
889 19
890 20
891 21
892 20
893 21
894 20
895 21
896 22
897 21
898 22
899 21
900 22
901 23
902 24
903 23
904 22
905 21
906 20
907 21
908 20
909 21
910 22
911 21
912 20
913 21
914 22
915 23
916 24
917 25
918 24
919 23
920 24
921 25
922 26
923 27
924 28
925 27
926 28
927 27
928 28
929 27
930 26
931 27
932 28
933 27
934 26
935 27
936 28
937 27
938 26
939 25
940 26
941 25
942 26
943 25
944 24
945 23
946 24
947 23
948 22
949 21
950 20
951 19
952 20
953 19
954 18
955 17
956 16
957 15
958 16
959 15
960 16
961 17
962 18
963 19
964 18
965 19
966 20
967 19
968 20
969 19
970 20
971 19
972 20
973 19
974 20
975 19
976 18
977 17
978 18
979 17
980 16
981 15
982 16
983 15
984 14
985 15
986 16
987 15
988 14
989 13
990 12
991 13
992 12
993 13
994 14
995 13
996 12
997 13
998 12
999 13
1000 14
1001 15
1002 16
1003 17
1004 18
1005 17
1006 16
1007 17
1008 18
1009 19
1010 18
1011 19
1012 20
1013 21
1014 20
1015 21
1016 20
1017 19
1018 18
1019 19
1020 20
1021 21
1022 22
1023 21
1024 22
1025 23
1026 22
1027 23
1028 22
1029 23
1030 24
1031 23
1032 24
1033 25
1034 24
1035 25
1036 26
1037 25
1038 24
1039 23
1040 22
1041 21
1042 20
1043 21
1044 20
1045 19
1046 18
1047 19
1048 18
1049 19
1050 20
1051 19
1052 20
1053 19
1054 20
1055 19
1056 18
1057 17
1058 18
1059 19
1060 18
1061 17
1062 16
1063 15
1064 14
1065 13
1066 12
1067 11
1068 12
1069 11
1070 12
1071 11
1072 10
1073 11
1074 10
1075 9
1076 8
1077 7
1078 6
1079 5
1080 4
1081 3
1082 2
1083 3
1084 2
1085 1
1086 0
1087 1
1088 2
1089 3
1090 4
1091 5
1092 4
1093 5
1094 6
1095 5
1096 6
1097 5
1098 6
1099 7
1100 6
1101 5
1102 6
1103 5
1104 4
1105 3
1106 2
1107 1
1108 0
1109 1
1110 2
1111 1
1112 2
1113 3
1114 2
1115 1
1116 0
1117 -1
1118 -2
1119 -1
1120 0
1121 1
1122 2
1123 1
1124 2
1125 1
1126 0
1127 -1
1128 -2
1129 -3
1130 -4
1131 -3
1132 -2
1133 -1
1134 -2
1135 -1
1136 -2
1137 -1
1138 -2
1139 -3
1140 -4
1141 -3
1142 -2
1143 -3
1144 -4
1145 -3
1146 -2
1147 -3
1148 -2
1149 -3
1150 -4
1151 -5
1152 -4
1153 -5
1154 -4
1155 -5
1156 -6
1157 -7
1158 -6
1159 -5
1160 -4
1161 -5
1162 -6
1163 -7
1164 -6
1165 -5
1166 -4
1167 -5
1168 -6
1169 -5
1170 -6
1171 -5
1172 -6
1173 -5
1174 -6
1175 -7
1176 -8
1177 -9
1178 -10
1179 -11
1180 -12
1181 -13
1182 -12
1183 -11
1184 -12
1185 -13
1186 -12
1187 -13
1188 -12
1189 -11
1190 -10
1191 -11
1192 -12
1193 -13
1194 -12
1195 -11
1196 -10
1197 -11
1198 -10
1199 -9
1200 -8
1201 -7
1202 -8
1203 -9
1204 -10
1205 -11
1206 -10
1207 -9
1208 -8
1209 -7
1210 -8
1211 -9
1212 -8
1213 -9
1214 -8
1215 -7
1216 -8
1217 -9
1218 -10
1219 -9
1220 -10
1221 -9
1222 -8
1223 -9
1224 -8
1225 -9
1226 -10
1227 -11
1228 -12
1229 -13
1230 -12
1231 -13
1232 -12
1233 -13
1234 -12
1235 -13
1236 -12
1237 -11
1238 -12
1239 -11
1240 -12
1241 -11
1242 -12
1243 -13
1244 -12
1245 -11
1246 -12
1247 -13
1248 -14
1249 -13
1250 -14
1251 -15
1252 -14
1253 -13
1254 -14
1255 -15
1256 -16
1257 -17
1258 -16
1259 -17
1260 -16
1261 -15
1262 -14
1263 -13
1264 -14
1265 -15
1266 -16
1267 -17
1268 -18
1269 -17
1270 -18
1271 -19
1272 -20
1273 -19
1274 -18
1275 -17
1276 -18
1277 -17
1278 -18
1279 -19
1280 -18
1281 -17
1282 -18
1283 -17
1284 -16
1285 -15
1286 -14
1287 -15
1288 -16
1289 -17
1290 -16
1291 -17
1292 -16
1293 -17
1294 -18
1295 -19
1296 -18
1297 -19
1298 -18
1299 -19
1300 -18
1301 -17
1302 -18
1303 -17
1304 -18
1305 -17
1306 -16
1307 -17
1308 -18
1309 -17
1310 -18
1311 -17
1312 -18
1313 -19
1314 -18
1315 -19
1316 -20
1317 -21
1318 -22
1319 -23
1320 -22
1321 -23
1322 -24
1323 -23
1324 -24
1325 -25
1326 -26
1327 -25
1328 -26
1329 -27
1330 -28
1331 -29
1332 -28
1333 -29
1334 -30
1335 -31
1336 -32
1337 -33
1338 -34
1339 -35
1340 -36
1341 -35
1342 -36
1343 -37
1344 -36
1345 -35
1346 -34
1347 -33
1348 -32
1349 -33
1350 -32
1351 -33
1352 -34
1353 -35
1354 -36
1355 -35
1356 -36
1357 -37
1358 -36
1359 -35
1360 -34
1361 -35
1362 -34
1363 -35
1364 -36
1365 -35
1366 -34
1367 -33
1368 -32
1369 -33
1370 -32
1371 -31
1372 -30
1373 -31
1374 -32
1375 -33
1376 -34
1377 -35
1378 -36
1379 -35
1380 -34
1381 -35
1382 -34
1383 -35
1384 -34
1385 -33
1386 -34
1387 -33
1388 -34
1389 -35
1390 -36
1391 -35
1392 -36
1393 -37
1394 -38
1395 -39
1396 -40
1397 -41
1398 -42
1399 -43
1400 -42
1401 -43
1402 -44
1403 -43
1404 -42
1405 -43
1406 -44
1407 -43
1408 -44
1409 -43
1410 -44
1411 -45
1412 -46
1413 -45
1414 -44
1415 -45
1416 -46
1417 -47
1418 -46
1419 -47
1420 -48
1421 -49
1422 -50
1423 -49
1424 -48
1425 -47
1426 -48
1427 -47
1428 -48
1429 -47
1430 -46
1431 -47
1432 -48
1433 -49
1434 -48
1435 -47
1436 -46
1437 -45
1438 -44
1439 -43
1440 -42
1441 -43
1442 -42
1443 -43
1444 -42
1445 -41
1446 -42
1447 -41
1448 -42
1449 -43
1450 -42
1451 -41
1452 -40
1453 -39
1454 -38
1455 -37
1456 -38
1457 -37
1458 -38
1459 -39
1460 -40
1461 -41
1462 -42
1463 -43
1464 -44
1465 -43
1466 -44
1467 -45
1468 -44
1469 -45
1470 -44
1471 -45
1472 -46
1473 -45
1474 -46
1475 -45
1476 -46
1477 -45
1478 -46
1479 -45
1480 -46
1481 -45
1482 -44
1483 -43
1484 -44
1485 -43
1486 -44
1487 -45
1488 -46
1489 -45
1490 -44
1491 -45
1492 -46
1493 -47
1494 -48
1495 -47
1496 -48
1497 -47
1498 -46
1499 -45
1500 -44
1501 -43
1502 -42
1503 -41
1504 -42
1505 -43
1506 -42
1507 -41
1508 -42
1509 -41
1510 -40
1511 -39
1512 -38
1513 -37
1514 -38
1515 -39
1516 -40
1517 -39
1518 -38
1519 -37
1520 -36
1521 -35
1522 -36
1523 -35
1524 -34
1525 -33
1526 -34
1527 -35
1528 -36
1529 -37
1530 -36
1531 -35
1532 -34
1533 -33
1534 -34
1535 -35
1536 -34
1537 -35
1538 -34
1539 -35
1540 -34
1541 -33
1542 -34
1543 -35
1544 -34
1545 -35
1546 -34
1547 -33
1548 -34
1549 -33
1550 -34
1551 -35
1552 -36
1553 -37
1554 -36
1555 -35
1556 -34
1557 -33
1558 -32
1559 -31
1560 -32
1561 -31
1562 -30
1563 -31
1564 -30
1565 -29
1566 -28
1567 -29
1568 -30
1569 -29
1570 -28
1571 -27
1572 -26
1573 -27
1574 -28
1575 -29
1576 -28
1577 -29
1578 -30
1579 -29
1580 -28
1581 -29
1582 -30
1583 -29
1584 -28
1585 -29
1586 -28
1587 -29
1588 -28
1589 -29
1590 -30
1591 -29
1592 -28
1593 -29
1594 -30
1595 -29
1596 -30
1597 -29
1598 -28
1599 -29
1600 -28
1601 -27
1602 -28
1603 -29
1604 -28
1605 -29
1606 -30
1607 -29
1608 -30
1609 -31
1610 -32
1611 -33
1612 -34
1613 -33
1614 -34
1615 -33
1616 -32
1617 -33
1618 -32
1619 -33
1620 -34
1621 -35
1622 -34
1623 -33
1624 -32
1625 -33
1626 -34
1627 -33
1628 -32
1629 -31
1630 -32
1631 -33
1632 -34
1633 -33
1634 -34
1635 -35
1636 -34
1637 -33
1638 -32
1639 -33
1640 -34
1641 -35
1642 -36
1643 -37
1644 -36
1645 -37
1646 -36
1647 -35
1648 -34
1649 -35
1650 -36
1651 -35
1652 -36
1653 -37
1654 -36
1655 -37
1656 -36
1657 -37
1658 -36
1659 -37
1660 -38
1661 -37
1662 -36
1663 -37
1664 -36
1665 -37
1666 -36
1667 -37
1668 -36
1669 -37
1670 -38
1671 -39
1672 -40
1673 -39
1674 -38
1675 -37
1676 -36
1677 -37
1678 -38
1679 -37
1680 -38
1681 -39
1682 -38
1683 -37
1684 -36
1685 -37
1686 -38
1687 -37
1688 -38
1689 -39
1690 -38
1691 -37
1692 -36
1693 -35
1694 -36
1695 -37
1696 -38
1697 -37
1698 -38
1699 -37
1700 -36
1701 -37
1702 -38
1703 -37
1704 -36
1705 -37
1706 -38
1707 -37
1708 -38
1709 -39
1710 -38
1711 -37
1712 -36
1713 -37
1714 -38
1715 -37
1716 -36
1717 -35
1718 -36
1719 -37
1720 -36
1721 -35
1722 -34
1723 -33
1724 -34
1725 -33
1726 -34
1727 -33
1728 -34
1729 -35
1730 -36
1731 -35
1732 -36
1733 -35
1734 -34
1735 -33
1736 -32
1737 -31
1738 -30
1739 -29
1740 -30
1741 -31
1742 -30
1743 -31
1744 -32
1745 -33
1746 -32
1747 -31
1748 -30
1749 -31
1750 -30
1751 -31
1752 -32
1753 -31
1754 -30
1755 -31
1756 -30
1757 -29
1758 -28
1759 -27
1760 -26
1761 -25
1762 -24
1763 -25
1764 -24
1765 -25
1766 -26
1767 -27
1768 -26
1769 -27
1770 -26
1771 -27
1772 -28
1773 -29
1774 -28
1775 -29
1776 -30
1777 -29
1778 -28
1779 -29
1780 -28
1781 -29
1782 -30
1783 -29
1784 -30
1785 -31
1786 -32
1787 -33
1788 -34
1789 -33
1790 -34
1791 -35
1792 -36
1793 -35
1794 -34
1795 -33
1796 -32
1797 -31
1798 -32
1799 -31
1800 -30
1801 -29
1802 -30
1803 -29
1804 -28
1805 -27
1806 -28
1807 -27
1808 -28
1809 -27
1810 -26
1811 -25
1812 -26
1813 -27
1814 -28
1815 -27
1816 -26
1817 -25
1818 -26
1819 -25
1820 -26
1821 -25
1822 -24
1823 -23
1824 -22
1825 -23
1826 -22
1827 -21
1828 -20
1829 -19
1830 -20
1831 -19
1832 -18
1833 -17
1834 -18
1835 -17
1836 -18
1837 -19
1838 -18
1839 -17
1840 -16
1841 -15
1842 -14
1843 -15
1844 -16
1845 -15
1846 -14
1847 -13
1848 -14
1849 -15
1850 -16
1851 -15
1852 -14
1853 -15
1854 -16
1855 -17
1856 -18
1857 -19
1858 -18
1859 -17
1860 -18
1861 -19
1862 -20
1863 -21
1864 -22
1865 -23
1866 -24
1867 -25
1868 -24
1869 -23
1870 -24
1871 -23
1872 -24
1873 -23
1874 -24
1875 -23
1876 -24
1877 -25
1878 -24
1879 -23
1880 -22
1881 -23
1882 -22
1883 -23
1884 -24
1885 -23
1886 -24
1887 -23
1888 -22
1889 -21
1890 -20
1891 -21
1892 -22
1893 -21
1894 -22
1895 -23
1896 -24
1897 -25
1898 -26
1899 -25
1900 -24
1901 -25
1902 -26
1903 -25
1904 -26
1905 -25
1906 -24
1907 -25
1908 -26
1909 -25
1910 -24
1911 -23
1912 -22
1913 -23
1914 -24
1915 -23
1916 -24
1917 -23
1918 -22
1919 -23
1920 -24
1921 -23
1922 -24
1923 -25
1924 -26
1925 -25
1926 -24
1927 -25
1928 -24
1929 -25
1930 -24
1931 -23
1932 -22
1933 -23
1934 -22
1935 -23
1936 -24
1937 -23
1938 -22
1939 -23
1940 -22
1941 -21
1942 -22
1943 -23
1944 -22
1945 -23
1946 -24
1947 -23
1948 -24
1949 -23
1950 -24
1951 -25
1952 -26
1953 -27
1954 -26
1955 -27
1956 -26
1957 -27
1958 -26
1959 -27
1960 -28
1961 -27
1962 -28
1963 -27
1964 -26
1965 -25
1966 -26
1967 -27
1968 -26
1969 -27
1970 -26
1971 -27
1972 -28
1973 -27
1974 -26
1975 -25
1976 -26
1977 -25
1978 -24
1979 -23
1980 -24
1981 -25
1982 -26
1983 -25
1984 -24
1985 -23
1986 -24
1987 -23
1988 -24
1989 -23
1990 -22
1991 -23
1992 -22
1993 -23
1994 -24
1995 -23
1996 -24
1997 -25
1998 -24
1999 -23
2000 -22
2001 -23
2002 -24
2003 -23
2004 -24
2005 -23
2006 -22
2007 -21
2008 -20
2009 -19
2010 -20
2011 -19
2012 -18
2013 -17
2014 -16
2015 -15
2016 -14
2017 -13
2018 -12
2019 -13
2020 -12
2021 -13
2022 -14
2023 -15
2024 -16
2025 -15
2026 -16
2027 -17
2028 -16
2029 -15
2030 -16
2031 -17
2032 -16
2033 -15
2034 -16
2035 -17
2036 -18
2037 -17
2038 -16
2039 -15
2040 -16
2041 -15
2042 -16
2043 -15
2044 -16
2045 -15
2046 -14
2047 -15
2048 -14
2049 -13
2050 -12
2051 -13
2052 -14
2053 -13
2054 -14
2055 -15
2056 -14
2057 -15
2058 -16
2059 -17
2060 -16
2061 -17
2062 -16
2063 -15
2064 -16
2065 -15
2066 -16
2067 -15
2068 -14
2069 -15
2070 -14
2071 -13
2072 -14
2073 -15
2074 -14
2075 -15
2076 -16
2077 -17
2078 -18
2079 -17
2080 -18
2081 -19
2082 -18
2083 -19
2084 -20
2085 -19
2086 -20
2087 -21
2088 -20
2089 -21
2090 -22
2091 -21
2092 -22
2093 -23
2094 -22
2095 -21
2096 -22
2097 -23
2098 -24
2099 -23
2100 -22
2101 -21
2102 -22
2103 -21
2104 -20
2105 -21
2106 -22
2107 -21
2108 -20
2109 -21
2110 -20
2111 -19
2112 -18
2113 -19
2114 -20
2115 -19
2116 -20
2117 -21
2118 -20
2119 -21
2120 -20
2121 -21
2122 -20
2123 -19
2124 -18
2125 -17
2126 -18
2127 -17
2128 -18
2129 -19
2130 -20
2131 -19
2132 -20
2133 -19
2134 -20
2135 -19
2136 -20
2137 -21
2138 -22
2139 -23
2140 -22
2141 -23
2142 -22
2143 -21
2144 -20
2145 -21
2146 -20
2147 -19
2148 -18
2149 -19
2150 -20
2151 -21
2152 -20
2153 -21
2154 -20
2155 -21
2156 -22
2157 -23
2158 -22
2159 -23
2160 -22
2161 -23
2162 -22
2163 -21
2164 -20
2165 -21
2166 -22
2167 -21
2168 -22
2169 -23
2170 -24
2171 -25
2172 -26
2173 -27
2174 -26
2175 -27
2176 -26
2177 -25
2178 -24
2179 -23
2180 -24
2181 -25
2182 -26
2183 -27
2184 -28
2185 -29
2186 -30
2187 -29
2188 -28
2189 -27
2190 -28
2191 -27
2192 -26
2193 -27
2194 -28
2195 -29
2196 -30
2197 -31
2198 -30
2199 -29
2200 -28
2201 -27
2202 -26
2203 -25
2204 -26
2205 -25
2206 -26
2207 -25
2208 -26
2209 -25
2210 -24
2211 -23
2212 -22
2213 -23
2214 -22
2215 -21
2216 -22
2217 -23
2218 -24
2219 -25
2220 -26
2221 -27
2222 -28
2223 -27
2224 -26
2225 -25
2226 -24
2227 -25
2228 -24
2229 -23
2230 -24
2231 -25
2232 -24
2233 -23
2234 -24
2235 -25
2236 -26
2237 -27
2238 -28
2239 -29
2240 -30
2241 -29
2242 -30
2243 -31
2244 -32
2245 -31
2246 -30
2247 -31
2248 -32
2249 -31
2250 -30
2251 -29
2252 -30
2253 -29
2254 -30
2255 -31
2256 -32
2257 -33
2258 -34
2259 -33
2260 -34
2261 -35
2262 -34
2263 -35
2264 -34
2265 -35
2266 -34
2267 -35
2268 -34
2269 -33
2270 -32
2271 -31
2272 -32
2273 -33
2274 -34
2275 -33
2276 -34
2277 -35
2278 -36
2279 -35
2280 -34
2281 -35
2282 -36
2283 -37
2284 -38
2285 -37
2286 -36
2287 -35
2288 -36
2289 -35
2290 -34
2291 -35
2292 -34
2293 -35
2294 -36
2295 -37
2296 -38
2297 -39
2298 -40
2299 -39
2300 -38
2301 -37
2302 -38
2303 -37
2304 -38
2305 -39
2306 -38
2307 -37
2308 -36
2309 -37
2310 -36
2311 -37
2312 -38
2313 -39
2314 -38
2315 -37
2316 -36
2317 -35
2318 -36
2319 -35
2320 -36
2321 -37
2322 -36
2323 -35
2324 -34
2325 -33
2326 -32
2327 -31
2328 -30
2329 -31
2330 -30
2331 -31
2332 -30
2333 -29
2334 -28
2335 -27
2336 -28
2337 -29
2338 -30
2339 -31
2340 -32
2341 -33
2342 -32
2343 -33
2344 -34
2345 -35
2346 -36
2347 -35
2348 -36
2349 -35
2350 -34
2351 -35
2352 -34
2353 -35
2354 -36
2355 -37
2356 -38
2357 -39
2358 -40
2359 -39
2360 -40
2361 -41
2362 -40
2363 -41
2364 -42
2365 -43
2366 -44
2367 -43
2368 -44
2369 -43
2370 -44
2371 -43
2372 -42
2373 -43
2374 -42
2375 -43
2376 -42
2377 -43
2378 -44
2379 -45
2380 -44
2381 -43
2382 -42
2383 -43
2384 -42
2385 -43
2386 -44
2387 -45
2388 -44
2389 -45
2390 -44
2391 -43
2392 -42
2393 -41
2394 -40
2395 -41
2396 -42
2397 -43
2398 -42
2399 -43
2400 -44
2401 -45
2402 -46
2403 -47
2404 -48
2405 -49
2406 -48
2407 -49
2408 -50
2409 -51
2410 -50
2411 -49
2412 -48
2413 -47
2414 -46
2415 -47
2416 -46
2417 -47
2418 -46
2419 -47
2420 -48
2421 -49
2422 -48
2423 -47
2424 -48
2425 -49
2426 -48
2427 -49
2428 -50
2429 -49
2430 -48
2431 -47
2432 -46
2433 -45
2434 -46
2435 -45
2436 -44
2437 -43
2438 -42
2439 -41
2440 -42
2441 -43
2442 -44
2443 -45
2444 -46
2445 -47
2446 -48
2447 -49
2448 -48
2449 -47
2450 -48
2451 -47
2452 -46
2453 -47
2454 -48
2455 -47
2456 -46
2457 -47
2458 -48
2459 -47
2460 -46
2461 -47
2462 -46
2463 -47
2464 -46
2465 -47
2466 -46
2467 -47
2468 -48
2469 -49
2470 -50
2471 -51
2472 -52
2473 -51
2474 -50
2475 -51
2476 -52
2477 -51
2478 -50
2479 -51
2480 -52
2481 -51
2482 -52
2483 -53
2484 -52
2485 -51
2486 -50
2487 -49
2488 -48
2489 -49
2490 -50
2491 -49
2492 -48
2493 -49
2494 -48
2495 -47
2496 -46
2497 -47
2498 -46
2499 -45
2500 -44
2501 -45
2502 -44
2503 -43
2504 -44
2505 -43
2506 -44
2507 -45
2508 -44
2509 -45
2510 -44
2511 -43
2512 -44
2513 -45
2514 -46
2515 -47
2516 -46
2517 -47
2518 -46
2519 -47
2520 -48
2521 -47
2522 -48
2523 -47
2524 -48
2525 -47
2526 -48
2527 -47
2528 -48
2529 -49
2530 -48
2531 -47
2532 -48
2533 -47
2534 -46
2535 -45
2536 -44
2537 -43
2538 -44
2539 -43
2540 -42
2541 -43
2542 -42
2543 -43
2544 -44
2545 -45
2546 -44
2547 -43
2548 -44
2549 -43
2550 -44
2551 -43
2552 -44
2553 -43
2554 -42
2555 -43
2556 -42
2557 -43
2558 -44
2559 -45
2560 -46
2561 -45
2562 -44
2563 -43
2564 -44
2565 -43
2566 -42
2567 -41
2568 -40
2569 -39
2570 -40
2571 -41
2572 -40
2573 -39
2574 -38
2575 -39
2576 -40
2577 -39
2578 -40
2579 -41
2580 -40
2581 -39
2582 -38
2583 -37
2584 -36
2585 -35
2586 -34
2587 -35
2588 -34
2589 -33
2590 -32
2591 -31
2592 -32
2593 -31
2594 -30
2595 -29
2596 -28
2597 -29
2598 -28
2599 -29
2600 -28
2601 -29
2602 -30
2603 -31
2604 -30
2605 -29
2606 -28
2607 -27
2608 -28
2609 -29
2610 -30
2611 -31
2612 -30
2613 -29
2614 -30
2615 -29
2616 -28
2617 -29
2618 -28
2619 -29
2620 -30
2621 -29
2622 -30
2623 -31
2624 -32
2625 -33
2626 -34
2627 -35
2628 -34
2629 -35
2630 -36
2631 -35
2632 -34
2633 -33
2634 -34
2635 -35
2636 -36
2637 -37
2638 -36
2639 -35
2640 -34
2641 -33
2642 -32
2643 -31
2644 -32
2645 -31
2646 -30
2647 -31
2648 -32
2649 -33
2650 -32
2651 -33
2652 -32
2653 -31
2654 -30
2655 -29
2656 -30
2657 -29
2658 -28
2659 -27
2660 -26
2661 -27
2662 -26
2663 -27
2664 -28
2665 -27
2666 -26
2667 -27
2668 -26
2669 -25
2670 -26
2671 -27
2672 -28
2673 -27
2674 -28
2675 -29
2676 -30
2677 -29
2678 -30
2679 -29
2680 -28
2681 -27
2682 -28
2683 -29
2684 -30
2685 -29
2686 -30
2687 -29
2688 -30
2689 -31
2690 -30
2691 -31
2692 -30
2693 -29
2694 -28
2695 -27
2696 -26
2697 -25
2698 -26
2699 -25
2700 -24
2701 -25
2702 -24
2703 -25
2704 -26
2705 -25
2706 -24
2707 -23
2708 -24
2709 -23
2710 -24
2711 -23
2712 -24
2713 -23
2714 -24
2715 -23
2716 -24
2717 -23
2718 -24
2719 -23
2720 -24
2721 -23
2722 -22
2723 -23
2724 -24
2725 -23
2726 -24
2727 -25
2728 -26
2729 -27
2730 -26
2731 -25
2732 -24
2733 -23
2734 -22
2735 -21
2736 -20
2737 -21
2738 -20
2739 -21
2740 -22
2741 -21
2742 -22
2743 -23
2744 -24
2745 -23
2746 -24
2747 -23
2748 -24
2749 -23
2750 -24
2751 -25
2752 -26
2753 -27
2754 -26
2755 -25
2756 -26
2757 -25
2758 -26
2759 -25
2760 -26
2761 -25
2762 -26
2763 -27
2764 -26
2765 -25
2766 -26
2767 -25
2768 -26
2769 -25
2770 -24
2771 -23
2772 -22
2773 -21
2774 -22
2775 -21
2776 -20
2777 -21
2778 -20
2779 -21
2780 -20
2781 -21
2782 -22
2783 -21
2784 -22
2785 -21
2786 -22
2787 -23
2788 -24
2789 -25
2790 -24
2791 -23
2792 -24
2793 -25
2794 -24
2795 -25
2796 -24
2797 -25
2798 -24
2799 -25
2800 -26
2801 -27
2802 -26
2803 -25
2804 -24
2805 -25
2806 -24
2807 -25
2808 -26
2809 -25
2810 -26
2811 -27
2812 -26
2813 -25
2814 -24
2815 -23
2816 -22
2817 -23
2818 -24
2819 -25
2820 -24
2821 -23
2822 -24
2823 -25
2824 -26
2825 -27
2826 -26
2827 -27
2828 -26
2829 -27
2830 -26
2831 -25
2832 -24
2833 -25
2834 -24
2835 -23
2836 -22
2837 -21
2838 -22
2839 -23
2840 -22
2841 -21
2842 -22
2843 -23
2844 -24
2845 -25
2846 -26
2847 -27
2848 -26
2849 -27
2850 -26
2851 -27
2852 -26
2853 -27
2854 -28
2855 -29
2856 -28
2857 -27
2858 -26
2859 -27
2860 -28
2861 -29
2862 -28
2863 -29
2864 -28
2865 -29
2866 -28
2867 -29
2868 -28
2869 -29
2870 -28
2871 -29
2872 -28
2873 -27
2874 -26
2875 -27
2876 -26
2877 -25
2878 -24
2879 -23
2880 -24
2881 -25
2882 -24
2883 -23
2884 -24
2885 -25
2886 -24
2887 -25
2888 -24
2889 -25
2890 -26
2891 -27
2892 -26
2893 -27
2894 -28
2895 -27
2896 -28
2897 -27
2898 -26
2899 -27
2900 -26
2901 -25
2902 -24
2903 -23
2904 -24
2905 -23
2906 -22
2907 -21
2908 -22
2909 -23
2910 -24
2911 -23
2912 -24
2913 -25
2914 -24
2915 -25
2916 -26
2917 -25
2918 -24
2919 -25
2920 -24
2921 -25
2922 -26
2923 -25
2924 -26
2925 -25
2926 -24
2927 -23
2928 -24
2929 -23
2930 -24
2931 -23
2932 -22
2933 -23
2934 -24
2935 -25
2936 -26
2937 -27
2938 -28
2939 -29
2940 -28
2941 -27
2942 -28
2943 -29
2944 -28
2945 -29
2946 -30
2947 -29
2948 -28
2949 -27
2950 -28
2951 -27
2952 -28
2953 -29
2954 -30
2955 -29
2956 -28
2957 -27
2958 -28
2959 -27
2960 -28
2961 -27
2962 -26
2963 -25
2964 -26
2965 -27
2966 -28
2967 -27
2968 -26
2969 -27
2970 -26
2971 -25
2972 -24
2973 -25
2974 -26
2975 -25
2976 -24
2977 -23
2978 -24
2979 -23
2980 -24
2981 -23
2982 -22
2983 -21
2984 -20
2985 -19
2986 -20
2987 -21
2988 -22
2989 -21
2990 -20
2991 -19
2992 -18
2993 -19
2994 -18
2995 -17
2996 -18
2997 -17
2998 -18
2999 -19
3000 -20
3001 -19
3002 -20
3003 -21
3004 -22
3005 -23
3006 -22
3007 -21
3008 -22
3009 -23
3010 -22
3011 -23
3012 -24
3013 -23
3014 -22
3015 -21
3016 -22
3017 -21
3018 -22
3019 -23
3020 -22
3021 -21
3022 -22
3023 -21
3024 -20
3025 -21
3026 -22
3027 -23
3028 -22
3029 -23
3030 -22
3031 -23
3032 -24
3033 -23
3034 -22
3035 -23
3036 -22
3037 -23
3038 -24
3039 -23
3040 -22
3041 -23
3042 -24
3043 -25
3044 -26
3045 -27
3046 -26
3047 -25
3048 -26
3049 -27
3050 -26
3051 -27
3052 -28
3053 -29
3054 -28
3055 -29
3056 -30
3057 -31
3058 -32
3059 -31
3060 -30
3061 -31
3062 -32
3063 -33
3064 -32
3065 -31
3066 -30
3067 -29
3068 -28
3069 -27
3070 -28
3071 -29
3072 -30
3073 -31
3074 -30
3075 -31
3076 -32
3077 -33
3078 -34
3079 -35
3080 -34
3081 -33
3082 -32
3083 -33
3084 -32
3085 -33
3086 -32
3087 -33
3088 -34
3089 -35
3090 -36
3091 -37
3092 -38
3093 -39
3094 -40
3095 -39
3096 -38
3097 -37
3098 -36
3099 -35
3100 -34
3101 -33
3102 -32
3103 -33
3104 -32
3105 -31
3106 -32
3107 -33
3108 -32
3109 -31
3110 -32
3111 -31
3112 -32
3113 -33
3114 -34
3115 -35
3116 -34
3117 -33
3118 -32
3119 -33
3120 -34
3121 -35
3122 -34
3123 -33
3124 -32
3125 -31
3126 -32
3127 -31
3128 -30
3129 -29
3130 -30
3131 -31
3132 -30
3133 -29
3134 -28
3135 -29
3136 -30
3137 -31
3138 -32
3139 -33
3140 -34
3141 -33
3142 -32
3143 -31
3144 -30
3145 -31
3146 -30
3147 -29
3148 -28
3149 -27
3150 -28
3151 -29
3152 -28
3153 -29
3154 -30
3155 -29
3156 -30
3157 -31
3158 -30
3159 -29
3160 -30
3161 -29
3162 -28
3163 -27
3164 -28
3165 -27
3166 -28
3167 -29
3168 -28
3169 -27
3170 -26
3171 -27
3172 -26
3173 -27
3174 -26
3175 -25
3176 -24
3177 -23
3178 -24
3179 -25
3180 -26
3181 -27
3182 -28
3183 -29
3184 -30
3185 -29
3186 -28
3187 -27
3188 -28
3189 -27
3190 -28
3191 -29
3192 -28
3193 -27
3194 -28
3195 -29
3196 -28
3197 -29
3198 -30
3199 -31
3200 -30
3201 -31
3202 -32
3203 -33
3204 -34
3205 -35
3206 -36
3207 -37
3208 -38
3209 -37
3210 -36
3211 -37
3212 -38
3213 -39
3214 -38
3215 -37
3216 -36
3217 -35
3218 -34
3219 -35
3220 -34
3221 -33
3222 -32
3223 -31
3224 -32
3225 -31
3226 -30
3227 -29
3228 -28
3229 -29
3230 -28
3231 -29
3232 -30
3233 -31
3234 -30
3235 -31
3236 -32
3237 -33
3238 -32
3239 -33
3240 -34
3241 -35
3242 -36
3243 -35
3244 -36
3245 -35
3246 -36
3247 -37
3248 -38
3249 -39
3250 -40
3251 -39
3252 -38
3253 -39
3254 -40
3255 -41
3256 -40
3257 -41
3258 -42
3259 -43
3260 -42
3261 -41
3262 -40
3263 -39
3264 -40
3265 -39
3266 -40
3267 -39
3268 -38
3269 -37
3270 -38
3271 -37
3272 -38
3273 -39
3274 -38
3275 -37
3276 -36
3277 -35
3278 -36
3279 -37
3280 -36
3281 -37
3282 -36
3283 -35
3284 -34
3285 -33
3286 -34
3287 -33
3288 -34
3289 -33
3290 -32
3291 -31
3292 -30
3293 -29
3294 -28
3295 -29
3296 -30
3297 -31
3298 -32
3299 -33
3300 -34
3301 -33
3302 -34
3303 -33
3304 -34
3305 -35
3306 -34
3307 -35
3308 -36
3309 -35
3310 -36
3311 -35
3312 -36
3313 -37
3314 -38
3315 -39
3316 -40
3317 -41
3318 -40
3319 -39
3320 -38
3321 -37
3322 -38
3323 -37
3324 -38
3325 -37
3326 -38
3327 -39
3328 -40
3329 -39
3330 -40
3331 -39
3332 -40
3333 -39
3334 -38
3335 -39
3336 -40
3337 -39
3338 -38
3339 -37
3340 -38
3341 -39
3342 -40
3343 -41
3344 -40
3345 -41
3346 -40
3347 -41
3348 -42
3349 -41
3350 -42
3351 -41
3352 -42
3353 -41
3354 -42
3355 -41
3356 -42
3357 -43
3358 -42
3359 -43
3360 -44
3361 -45
3362 -44
3363 -45
3364 -46
3365 -45
3366 -44
3367 -43
3368 -42
3369 -43
3370 -44
3371 -43
3372 -44
3373 -43
3374 -42
3375 -41
3376 -40
3377 -41
3378 -42
3379 -43
3380 -44
3381 -45
3382 -46
3383 -47
3384 -46
3385 -45
3386 -44
3387 -45
3388 -46
3389 -45
3390 -46
3391 -47
3392 -48
3393 -47
3394 -48
3395 -47
3396 -48
3397 -47
3398 -48
3399 -49
3400 -48
3401 -49
3402 -50
3403 -49
3404 -48
3405 -47
3406 -48
3407 -49
3408 -50
3409 -49
3410 -48
3411 -47
3412 -46
3413 -45
3414 -46
3415 -47
3416 -46
3417 -45
3418 -44
3419 -45
3420 -44
3421 -43
3422 -44
3423 -45
3424 -46
3425 -45
3426 -46
3427 -45
3428 -44
3429 -43
3430 -44
3431 -43
3432 -42
3433 -43
3434 -44
3435 -43
3436 -42
3437 -43
3438 -44
3439 -45
3440 -46
3441 -45
3442 -46
3443 -47
3444 -46
3445 -45
3446 -46
3447 -45
3448 -44
3449 -43
3450 -44
3451 -45
3452 -44
3453 -45
3454 -46
3455 -47
3456 -46
3457 -45
3458 -46
3459 -45
3460 -44
3461 -45
3462 -44
3463 -43
3464 -44
3465 -45
3466 -46
3467 -47
3468 -46
3469 -47
3470 -48
3471 -49
3472 -50
3473 -51
3474 -52
3475 -51
3476 -50
3477 -49
3478 -50
3479 -51
3480 -50
3481 -51
3482 -50
3483 -49
3484 -48
3485 -49
3486 -48
3487 -49
3488 -48
3489 -47
3490 -46
3491 -47
3492 -46
3493 -47
3494 -48
3495 -47
3496 -48
3497 -49
3498 -50
3499 -51
3500 -52
3501 -51
3502 -50
3503 -51
3504 -52
3505 -51
3506 -50
3507 -51
3508 -52
3509 -51
3510 -50
3511 -51
3512 -52
3513 -51
3514 -50
3515 -51
3516 -52
3517 -51
3518 -50
3519 -49
3520 -48
3521 -49
3522 -50
3523 -51
3524 -52
3525 -53
3526 -52
3527 -51
3528 -52
3529 -51
3530 -52
3531 -53
3532 -52
3533 -51
3534 -52
3535 -51
3536 -50
3537 -51
3538 -52
3539 -53
3540 -52
3541 -53
3542 -54
3543 -55
3544 -54
3545 -55
3546 -54
3547 -55
3548 -56
3549 -55
3550 -54
3551 -55
3552 -56
3553 -57
3554 -58
3555 -57
3556 -58
3557 -57
3558 -56
3559 -57
3560 -56
3561 -57
3562 -56
3563 -55
3564 -56
3565 -55
3566 -56
3567 -57
3568 -56
3569 -55
3570 -56
3571 -57
3572 -58
3573 -57
3574 -56
3575 -57
3576 -58
3577 -59
3578 -60
3579 -59
3580 -60
3581 -59
3582 -60
3583 -61
3584 -62
3585 -63
3586 -64
3587 -65
3588 -64
3589 -63
3590 -64
3591 -65
3592 -66
3593 -65
3594 -66
3595 -67
3596 -68
3597 -69
3598 -70
3599 -71
3600 -72
3601 -71
3602 -72
3603 -71
3604 -70
3605 -69
3606 -68
3607 -69
3608 -68
3609 -69
3610 -68
3611 -67
3612 -66
3613 -65
3614 -66
3615 -67
3616 -66
3617 -65
3618 -64
3619 -63
3620 -62
3621 -63
3622 -64
3623 -65
3624 -64
3625 -65
3626 -66
3627 -65
3628 -64
3629 -63
3630 -64
3631 -65
3632 -64
3633 -65
3634 -64
3635 -63
3636 -64
3637 -63
3638 -62
3639 -63
3640 -62
3641 -63
3642 -64
3643 -65
3644 -66
3645 -65
3646 -64
3647 -65
3648 -66
3649 -65
3650 -64
3651 -65
3652 -66
3653 -65
3654 -66
3655 -65
3656 -64
3657 -63
3658 -64
3659 -65
3660 -66
3661 -67
3662 -68
3663 -69
3664 -70
3665 -71
3666 -72
3667 -73
3668 -72
3669 -73
3670 -72
3671 -71
3672 -72
3673 -71
3674 -70
3675 -69
3676 -68
3677 -67
3678 -66
3679 -65
3680 -66
3681 -67
3682 -66
3683 -65
3684 -66
3685 -65
3686 -64
3687 -63
3688 -62
3689 -63
3690 -62
3691 -61
3692 -60
3693 -61
3694 -60
3695 -61
3696 -62
3697 -61
3698 -60
3699 -59
3700 -58
3701 -57
3702 -56
3703 -57
3704 -58
3705 -57
3706 -58
3707 -59
3708 -60
3709 -59
3710 -58
3711 -57
3712 -56
3713 -55
3714 -56
3715 -57
3716 -56
3717 -57
3718 -58
3719 -57
3720 -56
3721 -57
3722 -58
3723 -59
3724 -58
3725 -59
3726 -58
3727 -57
3728 -58
3729 -59
3730 -58
3731 -59
3732 -60
3733 -61
3734 -60
3735 -61
3736 -60
3737 -61
3738 -60
3739 -61
3740 -62
3741 -61
3742 -60
3743 -59
3744 -60
3745 -59
3746 -58
3747 -57
3748 -58
3749 -59
3750 -58
3751 -59
3752 -60
3753 -59
3754 -58
3755 -59
3756 -60
3757 -59
3758 -58
3759 -57
3760 -56
3761 -55
3762 -54
3763 -53
3764 -52
3765 -51
3766 -50
3767 -51
3768 -52
3769 -51
3770 -52
3771 -53
3772 -54
3773 -53
3774 -52
3775 -53
3776 -54
3777 -53
3778 -54
3779 -53
3780 -54
3781 -53
3782 -52
3783 -51
3784 -50
3785 -49
3786 -48
3787 -47
3788 -48
3789 -49
3790 -50
3791 -51
3792 -50
3793 -49
3794 -50
3795 -49
3796 -48
3797 -47
3798 -48
3799 -47
3800 -48
3801 -47
3802 -48
3803 -47
3804 -46
3805 -45
3806 -46
3807 -47
3808 -46
3809 -47
3810 -46
3811 -47
3812 -48
3813 -47
3814 -46
3815 -47
3816 -46
3817 -47
3818 -48
3819 -47
3820 -48
3821 -47
3822 -48
3823 -47
3824 -46
3825 -45
3826 -46
3827 -45
3828 -44
3829 -45
3830 -44
3831 -43
3832 -44
3833 -43
3834 -44
3835 -43
3836 -44
3837 -43
3838 -44
3839 -43
3840 -42
3841 -43
3842 -42
3843 -41
3844 -42
3845 -41
3846 -40
3847 -39
3848 -38
3849 -37
3850 -36
3851 -35
3852 -36
3853 -35
3854 -36
3855 -35
3856 -36
3857 -37
3858 -36
3859 -37
3860 -36
3861 -37
3862 -38
3863 -37
3864 -36
3865 -35
3866 -36
3867 -37
3868 -38
3869 -37
3870 -38
3871 -37
3872 -36
3873 -37
3874 -36
3875 -35
3876 -36
3877 -37
3878 -38
3879 -37
3880 -36
3881 -37
3882 -38
3883 -39
3884 -38
3885 -37
3886 -36
3887 -37
3888 -38
3889 -39
3890 -40
3891 -41
3892 -40
3893 -39
3894 -40
3895 -39
3896 -38
3897 -39
3898 -40
3899 -39
3900 -40
3901 -39
3902 -38
3903 -39
3904 -38
3905 -39
3906 -38
3907 -37
3908 -38
3909 -39
3910 -38
3911 -37
3912 -36
3913 -37
3914 -38
3915 -37
3916 -38
3917 -37
3918 -38
3919 -39
3920 -40
3921 -41
3922 -40
3923 -39
3924 -38
3925 -39
3926 -38
3927 -39
3928 -40
3929 -39
3930 -38
3931 -37
3932 -36
3933 -35
3934 -34
3935 -35
3936 -34
3937 -35
3938 -34
3939 -33
3940 -34
3941 -33
3942 -34
3943 -35
3944 -34
3945 -35
3946 -36
3947 -37
3948 -36
3949 -37
3950 -38
3951 -39
3952 -38
3953 -39
3954 -40
3955 -39
3956 -38
3957 -37
3958 -38
3959 -37
3960 -36
3961 -37
3962 -36
3963 -37
3964 -38
3965 -37
3966 -36
3967 -37
3968 -38
3969 -39
3970 -38
3971 -39
3972 -38
3973 -37
3974 -36
3975 -35
3976 -34
3977 -35
3978 -36
3979 -37
3980 -36
3981 -35
3982 -34
3983 -35
3984 -36
3985 -35
3986 -36
3987 -37
3988 -38
3989 -39
3990 -40
3991 -41
3992 -42
3993 -43
3994 -44
3995 -45
3996 -46
3997 -45
3998 -46
3999 -47
4000 -46
4001 -47
4002 -46
4003 -47
4004 -48
4005 -49
4006 -50
4007 -49
4008 -50
4009 -49
4010 -50
4011 -51
4012 -52
4013 -51
4014 -50
4015 -49
4016 -48
4017 -49
4018 -48
4019 -49
4020 -50
4021 -51
4022 -50
4023 -51
4024 -52
4025 -53
4026 -52
4027 -51
4028 -50
4029 -49
4030 -48
4031 -49
4032 -50
4033 -49
4034 -50
4035 -51
4036 -50
4037 -51
4038 -52
4039 -53
4040 -54
4041 -53
4042 -52
4043 -53
4044 -52
4045 -53
4046 -54
4047 -55
4048 -54
4049 -55
4050 -54
4051 -55
4052 -56
4053 -55
4054 -56
4055 -55
4056 -56
4057 -55
4058 -56
4059 -57
4060 -56
4061 -55
4062 -54
4063 -55
4064 -56
4065 -55
4066 -56
4067 -57
4068 -56
4069 -57
4070 -56
4071 -57
4072 -58
4073 -57
4074 -58
4075 -59
4076 -58
4077 -59
4078 -58
4079 -57
4080 -56
4081 -55
4082 -56
4083 -55
4084 -54
4085 -53
4086 -52
4087 -51
4088 -52
4089 -53
4090 -54
4091 -53
4092 -54
4093 -55
4094 -54
4095 -55
4096 -54
4097 -55
4098 -56
4099 -55
4100 -56
4101 -55
4102 -56
4103 -55
4104 -56
4105 -55
4106 -54
4107 -53
4108 -54
4109 -55
4110 -56
4111 -57
4112 -58
4113 -59
4114 -58
4115 -59
4116 -60
4117 -61
4118 -62
4119 -63
4120 -62
4121 -63
4122 -64
4123 -65
4124 -64
4125 -63
4126 -64
4127 -63
4128 -62
4129 -63
4130 -64
4131 -65
4132 -64
4133 -65
4134 -64
4135 -63
4136 -62
4137 -63
4138 -64
4139 -65
4140 -64
4141 -65
4142 -64
4143 -63
4144 -62
4145 -61
4146 -60
4147 -59
4148 -58
4149 -59
4150 -60
4151 -59
4152 -60
4153 -61
4154 -62
4155 -61
4156 -60
4157 -61
4158 -62
4159 -63
4160 -62
4161 -63
4162 -62
4163 -61
4164 -60
4165 -59
4166 -60
4167 -59
4168 -58
4169 -59
4170 -60
4171 -61
4172 -62
4173 -63
4174 -64
4175 -65
4176 -64
4177 -65
4178 -64
4179 -63
4180 -64
4181 -65
4182 -66
4183 -65
4184 -64
4185 -63
4186 -64
4187 -65
4188 -66
4189 -65
4190 -66
4191 -67
4192 -66
4193 -65
4194 -64
4195 -63
4196 -62
4197 -61
4198 -60
4199 -59
4200 -60
4201 -61
4202 -60
4203 -59
4204 -60
4205 -59
4206 -58
4207 -59
4208 -58
4209 -59
4210 -60
4211 -61
4212 -62
4213 -61
4214 -62
4215 -61
4216 -60
4217 -59
4218 -58
4219 -57
4220 -58
4221 -59
4222 -58
4223 -59
4224 -58
4225 -59
4226 -60
4227 -59
4228 -58
4229 -59
4230 -58
4231 -59
4232 -60
4233 -61
4234 -62
4235 -63
4236 -62
4237 -63
4238 -62
4239 -61
4240 -60
4241 -61
4242 -60
4243 -59
4244 -60
4245 -59
4246 -60
4247 -59
4248 -60
4249 -59
4250 -60
4251 -59
4252 -58
4253 -59
4254 -60
4255 -59
4256 -60
4257 -61
4258 -60
4259 -59
4260 -58
4261 -57
4262 -58
4263 -57
4264 -56
4265 -57
4266 -56
4267 -55
4268 -56
4269 -57
4270 -58
4271 -57
4272 -58
4273 -59
4274 -60
4275 -61
4276 -62
4277 -61
4278 -62
4279 -61
4280 -62
4281 -63
4282 -62
4283 -61
4284 -62
4285 -63
4286 -64
4287 -63
4288 -62
4289 -63
4290 -64
4291 -63
4292 -64
4293 -63
4294 -62
4295 -61
4296 -62
4297 -61
4298 -60
4299 -61
4300 -60
4301 -61
4302 -60
4303 -59
4304 -60
4305 -59
4306 -58
4307 -59
4308 -58
4309 -57
4310 -58
4311 -59
4312 -58
4313 -59
4314 -60
4315 -61
4316 -60
4317 -61
4318 -60
4319 -61
4320 -62
4321 -61
4322 -62
4323 -61
4324 -60
4325 -59
4326 -58
4327 -57
4328 -58
4329 -57
4330 -56
4331 -55
4332 -54
4333 -53
4334 -54
4335 -53
4336 -54
4337 -53
4338 -52
4339 -53
4340 -52
4341 -51
4342 -50
4343 -51
4344 -50
4345 -51
4346 -50
4347 -49
4348 -50
4349 -51
4350 -50
4351 -49
4352 -50
4353 -51
4354 -52
4355 -53
4356 -54
4357 -53
4358 -54
4359 -53
4360 -54
4361 -55
4362 -54
4363 -55
4364 -56
4365 -55
4366 -54
4367 -55
4368 -56
4369 -57
4370 -58
4371 -59
4372 -58
4373 -59
4374 -58
4375 -59
4376 -60
4377 -59
4378 -58
4379 -57
4380 -58
4381 -59
4382 -58
4383 -57
4384 -56
4385 -57
4386 -58
4387 -57
4388 -56
4389 -55
4390 -56
4391 -55
4392 -56
4393 -57
4394 -56
4395 -55
4396 -54
4397 -55
4398 -56
4399 -55
4400 -54
4401 -55
4402 -54
4403 -55
4404 -56
4405 -57
4406 -56
4407 -55
4408 -54
4409 -55
4410 -54
4411 -55
4412 -56
4413 -55
4414 -54
4415 -53
4416 -54
4417 -53
4418 -54
4419 -53
4420 -54
4421 -55
4422 -54
4423 -55
4424 -56
4425 -57
4426 -56
4427 -55
4428 -54
4429 -55
4430 -56
4431 -57
4432 -58
4433 -57
4434 -58
4435 -57
4436 -58
4437 -57
4438 -56
4439 -57
4440 -56
4441 -55
4442 -56
4443 -55
4444 -56
4445 -57
4446 -58
4447 -57
4448 -56
4449 -55
4450 -56
4451 -55
4452 -56
4453 -55
4454 -56
4455 -55
4456 -54
4457 -53
4458 -54
4459 -55
4460 -56
4461 -57
4462 -58
4463 -57
4464 -56
4465 -55
4466 -56
4467 -57
4468 -56
4469 -55
4470 -54
4471 -53
4472 -54
4473 -55
4474 -56
4475 -55
4476 -54
4477 -55
4478 -54
4479 -53
4480 -52
4481 -51
4482 -52
4483 -51
4484 -52
4485 -53
4486 -52
4487 -51
4488 -50
4489 -49
4490 -48
4491 -49
4492 -50
4493 -49
4494 -50
4495 -51
4496 -50
4497 -49
4498 -50
4499 -51
4500 -50
4501 -49
4502 -48
4503 -49
4504 -48
4505 -47
4506 -48
4507 -49
4508 -50
4509 -51
4510 -52
4511 -51
4512 -52
4513 -53
4514 -54
4515 -53
4516 -54
4517 -53
4518 -54
4519 -55
4520 -56
4521 -55
4522 -56
4523 -57
4524 -56
4525 -55
4526 -54
4527 -53
4528 -52
4529 -51
4530 -50
4531 -49
4532 -48
4533 -47
4534 -48
4535 -49
4536 -48
4537 -49
4538 -50
4539 -51
4540 -50
4541 -49
4542 -48
4543 -47
4544 -48
4545 -49
4546 -50
4547 -49
4548 -50
4549 -51
4550 -50
4551 -49
4552 -48
4553 -47
4554 -48
4555 -47
4556 -46
4557 -45
4558 -44
4559 -43
4560 -42
4561 -41
4562 -40
4563 -39
4564 -40
4565 -41
4566 -42
4567 -43
4568 -42
4569 -41
4570 -42
4571 -43
4572 -42
4573 -41
4574 -42
4575 -41
4576 -42
4577 -41
4578 -40
4579 -39
4580 -40
4581 -39
4582 -40
4583 -39
4584 -38
4585 -39
4586 -38
4587 -39
4588 -40
4589 -39
4590 -38
4591 -39
4592 -40
4593 -41
4594 -40
4595 -41
4596 -42
4597 -41
4598 -40
4599 -39
4600 -38
4601 -39
4602 -40
4603 -41
4604 -42
4605 -43
4606 -42
4607 -41
4608 -42
4609 -41
4610 -42
4611 -41
4612 -40
4613 -41
4614 -40
4615 -39
4616 -38
4617 -37
4618 -36
4619 -35
4620 -34
4621 -33
4622 -34
4623 -35
4624 -34
4625 -33
4626 -34
4627 -33
4628 -32
4629 -31
4630 -32
4631 -31
4632 -30
4633 -31
4634 -30
4635 -29
4636 -30
4637 -29
4638 -28
4639 -27
4640 -26
4641 -25
4642 -26
4643 -27
4644 -26
4645 -25
4646 -24
4647 -23
4648 -24
4649 -23
4650 -24
4651 -25
4652 -26
4653 -25
4654 -24
4655 -23
4656 -22
4657 -21
4658 -22
4659 -21
4660 -20
4661 -19
4662 -18
4663 -17
4664 -18
4665 -17
4666 -18
4667 -19
4668 -18
4669 -17
4670 -18
4671 -19
4672 -18
4673 -17
4674 -18
4675 -19
4676 -20
4677 -21
4678 -20
4679 -19
4680 -18
4681 -19
4682 -20
4683 -21
4684 -20
4685 -21
4686 -20
4687 -19
4688 -20
4689 -19
4690 -20
4691 -19
4692 -18
4693 -17
4694 -16
4695 -15
4696 -16
4697 -15
4698 -14
4699 -15
4700 -14
4701 -13
4702 -12
4703 -11
4704 -12
4705 -11
4706 -12
4707 -13
4708 -14
4709 -13
4710 -12
4711 -11
4712 -10
4713 -11
4714 -10
4715 -11
4716 -12
4717 -13
4718 -14
4719 -15
4720 -16
4721 -17
4722 -18
4723 -17
4724 -18
4725 -19
4726 -18
4727 -17
4728 -16
4729 -17
4730 -16
4731 -17
4732 -16
4733 -15
4734 -16
4735 -17
4736 -16
4737 -17
4738 -16
4739 -17
4740 -16
4741 -15
4742 -14
4743 -13
4744 -14
4745 -15
4746 -14
4747 -13
4748 -12
4749 -13
4750 -12
4751 -13
4752 -12
4753 -11
4754 -12
4755 -13
4756 -14
4757 -15
4758 -14
4759 -13
4760 -12
4761 -13
4762 -14
4763 -15
4764 -16
4765 -15
4766 -14
4767 -13
4768 -14
4769 -13
4770 -14
4771 -15
4772 -14
4773 -13
4774 -14
4775 -13
4776 -14
4777 -15
4778 -14
4779 -15
4780 -14
4781 -15
4782 -16
4783 -17
4784 -16
4785 -17
4786 -16
4787 -17
4788 -18
4789 -19
4790 -20
4791 -21
4792 -22
4793 -23
4794 -24
4795 -23
4796 -24
4797 -23
4798 -24
4799 -25
4800 -26
4801 -25
4802 -26
4803 -25
4804 -26
4805 -25
4806 -26
4807 -27
4808 -26
4809 -25
4810 -26
4811 -27
4812 -28
4813 -29
4814 -28
4815 -27
4816 -26
4817 -25
4818 -26
4819 -25
4820 -24
4821 -23
4822 -22
4823 -23
4824 -24
4825 -23
4826 -24
4827 -25
4828 -26
4829 -25
4830 -26
4831 -27
4832 -28
4833 -29
4834 -30
4835 -31
4836 -30
4837 -29
4838 -28
4839 -27
4840 -28
4841 -29
4842 -28
4843 -29
4844 -28
4845 -27
4846 -26
4847 -25
4848 -24
4849 -25
4850 -26
4851 -27
4852 -28
4853 -29
4854 -30
4855 -31
4856 -30
4857 -31
4858 -32
4859 -33
4860 -32
4861 -33
4862 -34
4863 -33
4864 -34
4865 -35
4866 -36
4867 -35
4868 -36
4869 -37
4870 -36
4871 -35
4872 -36
4873 -35
4874 -34
4875 -35
4876 -36
4877 -37
4878 -36
4879 -37
4880 -38
4881 -39
4882 -40
4883 -39
4884 -40
4885 -41
4886 -40
4887 -41
4888 -42
4889 -43
4890 -44
4891 -43
4892 -44
4893 -45
4894 -44
4895 -43
4896 -42
4897 -43
4898 -42
4899 -41
4900 -42
4901 -43
4902 -44
4903 -45
4904 -46
4905 -47
4906 -46
4907 -47
4908 -46
4909 -45
4910 -46
4911 -45
4912 -46
4913 -47
4914 -48
4915 -47
4916 -48
4917 -47
4918 -46
4919 -45
4920 -46
4921 -47
4922 -48
4923 -47
4924 -48
4925 -47
4926 -48
4927 -47
4928 -46
4929 -45
4930 -46
4931 -45
4932 -46
4933 -45
4934 -46
4935 -45
4936 -46
4937 -47
4938 -48
4939 -49
4940 -50
4941 -49
4942 -48
4943 -47
4944 -46
4945 -47
4946 -46
4947 -45
4948 -44
4949 -45
4950 -44
4951 -45
4952 -44
4953 -45
4954 -44
4955 -43
4956 -44
4957 -45
4958 -46
4959 -47
4960 -46
4961 -45
4962 -46
4963 -45
4964 -46
4965 -45
4966 -46
4967 -47
4968 -46
4969 -47
4970 -46
4971 -45
4972 -46
4973 -47
4974 -48
4975 -49
4976 -48
4977 -49
4978 -48
4979 -47
4980 -48
4981 -49
4982 -48
4983 -47
4984 -48
4985 -49
4986 -50
4987 -51
4988 -52
4989 -53
4990 -54
4991 -53
4992 -52
4993 -53
4994 -54
4995 -55
4996 -56
4997 -55
4998 -54
4999 -55
5000 -54
5001 -55
5002 -56
5003 -57
5004 -58
5005 -57
5006 -58
5007 -59
5008 -60
5009 -59
5010 -58
5011 -57
5012 -56
5013 -57
5014 -56
5015 -55
5016 -54
5017 -53
5018 -54
5019 -53
5020 -52
5021 -53
5022 -52
5023 -51
5024 -52
5025 -53
5026 -54
5027 -55
5028 -56
5029 -55
5030 -54
5031 -53
5032 -54
5033 -53
5034 -54
5035 -53
5036 -52
5037 -51
5038 -52
5039 -51
5040 -52
5041 -53
5042 -52
5043 -51
5044 -50
5045 -49
5046 -50
5047 -49
5048 -50
5049 -51
5050 -50
5051 -49
5052 -48
5053 -47
5054 -48
5055 -49
5056 -50
5057 -51
5058 -50
5059 -49
5060 -48
5061 -49
5062 -48
5063 -47
5064 -48
5065 -47
5066 -46
5067 -45
5068 -46
5069 -45
5070 -44
5071 -45
5072 -44
5073 -43
5074 -42
5075 -43
5076 -42
5077 -43
5078 -42
5079 -43
5080 -44
5081 -43
5082 -44
5083 -45
5084 -44
5085 -45
5086 -46
5087 -47
5088 -46
5089 -47
5090 -48
5091 -47
5092 -48
5093 -47
5094 -48
5095 -49
5096 -48
5097 -47
5098 -48
5099 -47
5100 -48
5101 -49
5102 -48
5103 -47
5104 -46
5105 -45
5106 -46
5107 -45
5108 -44
5109 -43
5110 -44
5111 -43
5112 -42
5113 -43
5114 -44
5115 -43
5116 -42
5117 -43
5118 -44
5119 -43
5120 -44
5121 -43
5122 -42
5123 -41
5124 -42
5125 -43
5126 -42
5127 -43
5128 -42
5129 -41
5130 -40
5131 -39
5132 -38
5133 -39
5134 -38
5135 -37
5136 -36
5137 -35
5138 -34
5139 -35
5140 -36
5141 -37
5142 -38
5143 -39
5144 -38
5145 -37
5146 -38
5147 -37
5148 -38
5149 -37
5150 -36
5151 -35
5152 -36
5153 -35
5154 -36
5155 -37
5156 -38
5157 -37
5158 -36
5159 -37
5160 -38
5161 -39
5162 -40
5163 -41
5164 -42
5165 -41
5166 -40
5167 -39
5168 -40
5169 -41
5170 -40
5171 -39
5172 -38
5173 -37
5174 -38
5175 -37
5176 -38
5177 -37
5178 -38
5179 -37
5180 -36
5181 -37
5182 -38
5183 -37
5184 -36
5185 -37
5186 -36
5187 -37
5188 -38
5189 -39
5190 -40
5191 -39
5192 -38
5193 -39
5194 -40
5195 -39
5196 -38
5197 -39
5198 -40
5199 -39
5200 -40
5201 -39
5202 -38
5203 -39
5204 -38
5205 -37
5206 -36
5207 -35
5208 -34
5209 -33
5210 -34
5211 -33
5212 -32
5213 -31
5214 -32
5215 -31
5216 -32
5217 -31
5218 -32
5219 -33
5220 -34
5221 -33
5222 -34
5223 -35
5224 -34
5225 -33
5226 -32
5227 -31
5228 -30
5229 -31
5230 -32
5231 -31
5232 -30
5233 -31
5234 -30
5235 -29
5236 -30
5237 -31
5238 -32
5239 -31
5240 -32
5241 -31
5242 -30
5243 -29
5244 -30
5245 -29
5246 -28
5247 -27
5248 -28
5249 -27
5250 -26
5251 -25
5252 -24
5253 -25
5254 -26
5255 -27
5256 -28
5257 -27
5258 -28
5259 -27
5260 -28
5261 -29
5262 -28
5263 -27
5264 -28
5265 -27
5266 -26
5267 -25
5268 -24
5269 -23
5270 -24
5271 -25
5272 -24
5273 -25
5274 -24
5275 -25
5276 -24
5277 -23
5278 -22
5279 -23
5280 -22
5281 -23
5282 -22
5283 -21
5284 -20
5285 -19
5286 -18
5287 -17
5288 -16
5289 -15
5290 -16
5291 -17
5292 -16
5293 -17
5294 -18
5295 -19
5296 -20
5297 -21
5298 -20
5299 -21
5300 -22
5301 -21
5302 -20
5303 -21
5304 -20
5305 -19
5306 -18
5307 -17
5308 -16
5309 -15
5310 -16
5311 -17
5312 -18
5313 -17
5314 -18
5315 -17
5316 -18
5317 -17
5318 -16
5319 -15
5320 -16
5321 -17
5322 -16
5323 -17
5324 -16
5325 -15
5326 -16
5327 -15
5328 -16
5329 -17
5330 -16
5331 -17
5332 -16
5333 -15
5334 -14
5335 -13
5336 -14
5337 -15
5338 -14
5339 -13
5340 -14
5341 -13
5342 -12
5343 -13
5344 -12
5345 -13
5346 -12
5347 -11
5348 -12
5349 -13
5350 -12
5351 -11
5352 -10
5353 -11
5354 -12
5355 -13
5356 -14
5357 -13
5358 -12
5359 -11
5360 -10
5361 -9
5362 -8
5363 -7
5364 -8
5365 -7
5366 -6
5367 -7
5368 -8
5369 -9
5370 -8
5371 -7
5372 -8
5373 -9
5374 -8
5375 -7
5376 -8
5377 -7
5378 -6
5379 -7
5380 -8
5381 -9
5382 -8
5383 -7
5384 -6
5385 -5
5386 -4
5387 -3
5388 -2
5389 -3
5390 -2
5391 -1
5392 -2
5393 -3
5394 -2
5395 -1
5396 0
5397 -1
5398 -2
5399 -1
5400 0
5401 1
5402 0
5403 1
5404 0
5405 1
5406 2
5407 3
5408 4
5409 5
5410 4
5411 5
5412 6
5413 5
5414 6
5415 5
5416 4
5417 3
5418 2
5419 1
5420 2
5421 3
5422 2
5423 3
5424 4
5425 5
5426 6
5427 7
5428 8
5429 9
5430 8
5431 9
5432 10
5433 11
5434 10
5435 11
5436 10
5437 9
5438 10
5439 11
5440 10
5441 11
5442 12
5443 13
5444 12
5445 11
5446 10
5447 9
5448 10
5449 9
5450 8
5451 9
5452 10
5453 9
5454 10
5455 11
5456 10
5457 9
5458 10
5459 9
5460 10
5461 9
5462 8
5463 7
5464 8
5465 7
5466 8
5467 7
5468 6
5469 7
5470 8
5471 9
5472 10
5473 9
5474 8
5475 9
5476 8
5477 9
5478 8
5479 9
5480 8
5481 9
5482 10
5483 9
5484 10
5485 11
5486 12
5487 13
5488 14
5489 15
5490 14
5491 15
5492 16
5493 15
5494 16
5495 15
5496 14
5497 13
5498 14
5499 13
5500 14
5501 13
5502 12
5503 11
5504 10
5505 11
5506 10
5507 11
5508 12
5509 11
5510 12
5511 13
5512 12
5513 11
5514 10
5515 11
5516 10
5517 11
5518 10
5519 9
5520 10
5521 11
5522 12
5523 13
5524 14
5525 15
5526 16
5527 17
5528 16
5529 17
5530 18
5531 19
5532 18
5533 19
5534 20
5535 19
5536 20
5537 19
5538 18
5539 17
5540 18
5541 17
5542 18
5543 19
5544 20
5545 19
5546 18
5547 19
5548 20
5549 19
5550 18
5551 17
5552 18
5553 17
5554 18
5555 19
5556 20
5557 19
5558 18
5559 19
5560 20
5561 19
5562 20
5563 19
5564 20
5565 19
5566 20
5567 21
5568 20
5569 19
5570 20
5571 21
5572 22
5573 21
5574 20
5575 21
5576 22
5577 23
5578 22
5579 21
5580 22
5581 23
5582 24
5583 25
5584 26
5585 27
5586 26
5587 25
5588 26
5589 27
5590 26
5591 25
5592 26
5593 25
5594 24
5595 23
5596 24
5597 23
5598 22
5599 23
5600 22
5601 23
5602 22
5603 21
5604 20
5605 21
5606 22
5607 23
5608 22
5609 23
5610 24
5611 23
5612 22
5613 21
5614 20
5615 19
5616 20
5617 19
5618 20
5619 21
5620 22
5621 21
5622 20
5623 19
5624 20
5625 21
5626 22
5627 23
5628 22
5629 21
5630 22
5631 21
5632 22
5633 21
5634 22
5635 21
5636 22
5637 23
5638 24
5639 23
5640 22
5641 23
5642 22
5643 23
5644 22
5645 23
5646 22
5647 23
5648 22
5649 23
5650 22
5651 23
5652 24
5653 25
5654 24
5655 25
5656 26
5657 27
5658 28
5659 29
5660 28
5661 29
5662 30
5663 29
5664 28
5665 29
5666 30
5667 29
5668 30
5669 29
5670 28
5671 29
5672 28
5673 27
5674 26
5675 27
5676 26
5677 25
5678 26
5679 25
5680 24
5681 25
5682 26
5683 25
5684 24
5685 23
5686 22
5687 21
5688 20
5689 21
5690 20
5691 19
5692 18
5693 19
5694 18
5695 17
5696 18
5697 17
5698 16
5699 17
5700 16
5701 17
5702 18
5703 17
5704 16
5705 17
5706 16
5707 17
5708 18
5709 19
5710 20
5711 21
5712 22
5713 23
5714 24
5715 23
5716 24
5717 23
5718 22
5719 21
5720 22
5721 21
5722 22
5723 23
5724 24
5725 23
5726 24
5727 23
5728 22
5729 23
5730 22
5731 21
5732 20
5733 19
5734 18
5735 17
5736 16
5737 15
5738 16
5739 15
5740 16
5741 15
5742 16
5743 17
5744 16
5745 15
5746 14
5747 13
5748 14
5749 13
5750 14
5751 15
5752 16
5753 17
5754 16
5755 17
5756 18
5757 17
5758 16
5759 15
5760 16
5761 17
5762 18
5763 19
5764 18
5765 19
5766 18
5767 17
5768 18
5769 19
5770 18
5771 17
5772 18
5773 19
5774 18
5775 19
5776 20
5777 21
5778 20
5779 21
5780 22
5781 21
5782 20
5783 19
5784 18
5785 19
5786 20
5787 21
5788 22
5789 23
5790 24
5791 25
5792 24
5793 25
5794 24
5795 25
5796 24
5797 25
5798 24
5799 23
5800 24
5801 25
5802 26
5803 27
5804 26
5805 27
5806 26
5807 27
5808 26
5809 25
5810 26
5811 27
5812 26
5813 25
5814 24
5815 25
5816 26
5817 25
5818 24
5819 25
5820 26
5821 27
5822 28
5823 27
5824 28
5825 27
5826 28
5827 27
5828 26
5829 27
5830 28
5831 27
5832 26
5833 27
5834 28
5835 29
5836 30
5837 29
5838 28
5839 27
5840 26
5841 25
5842 24
5843 23
5844 22
5845 23
5846 22
5847 23
5848 24
5849 25
5850 24
5851 23
5852 22
5853 21
5854 22
5855 21
5856 22
5857 23
5858 22
5859 23
5860 22
5861 23
5862 22
5863 23
5864 22
5865 23
5866 22
5867 23
5868 22
5869 21
5870 20
5871 19
5872 18
5873 17
5874 18
5875 17
5876 18
5877 19
5878 20
5879 19
5880 18
5881 17
5882 18
5883 17
5884 18
5885 17
5886 18
5887 19
5888 18
5889 19
5890 20
5891 21
5892 22
5893 21
5894 22
5895 23
5896 22
5897 23
5898 22
5899 23
5900 22
5901 21
5902 22
5903 21
5904 22
5905 23
5906 22
5907 23
5908 24
5909 25
5910 24
5911 23
5912 24
5913 25
5914 26
5915 27
5916 28
5917 29
5918 30
5919 31
5920 32
5921 31
5922 30
5923 29
5924 30
5925 31
5926 32
5927 31
5928 32
5929 31
5930 32
5931 33
5932 34
5933 35
5934 34
5935 35
5936 34
5937 35
5938 36
5939 37
5940 38
5941 39
5942 38
5943 39
5944 40
5945 39
5946 40
5947 41
5948 42
5949 41
5950 42
5951 41
5952 40
5953 39
5954 38
5955 37
5956 36
5957 37
5958 38
5959 39
5960 38
5961 39
5962 40
5963 39
5964 40
5965 41
5966 40
5967 41
5968 42
5969 41
5970 42
5971 43
5972 42
5973 41
5974 40
5975 39
5976 38
5977 39
5978 40
5979 41
5980 40
5981 39
5982 40
5983 39
5984 38
5985 37
5986 38
5987 39
5988 38
5989 37
5990 38
5991 39
5992 40
5993 41
5994 40
5995 41
5996 40
5997 41
5998 42
5999 41
6000 40
6001 41
6002 40
6003 41
6004 40
6005 39
6006 40
6007 39
6008 40
6009 39
6010 38
6011 39
6012 40
6013 41
6014 40
6015 39
6016 38
6017 37
6018 36
6019 37
6020 36
6021 35
6022 36
6023 35
6024 34
6025 33
6026 34
6027 33
6028 34
6029 35
6030 34
6031 35
6032 36
6033 35
6034 36
6035 35
6036 36
6037 37
6038 36
6039 35
6040 34
6041 35
6042 36
6043 37
6044 36
6045 35
6046 34
6047 33
6048 34
6049 35
6050 34
6051 35
6052 34
6053 33
6054 32
6055 33
6056 32
6057 31
6058 30
6059 29
6060 30
6061 31
6062 32
6063 31
6064 32
6065 33
6066 32
6067 31
6068 32
6069 31
6070 30
6071 31
6072 30
6073 31
6074 30
6075 29
6076 30
6077 29
6078 30
6079 31
6080 32
6081 31
6082 32
6083 31
6084 32
6085 33
6086 32
6087 31
6088 32
6089 33
6090 34
6091 33
6092 32
6093 33
6094 32
6095 33
6096 34
6097 35
6098 36
6099 37
6100 36
6101 37
6102 36
6103 35
6104 36
6105 37
6106 38
6107 39
6108 40
6109 39
6110 38
6111 37
6112 38
6113 37
6114 38
6115 37
6116 38
6117 39
6118 38
6119 37
6120 36
6121 35
6122 36
6123 37
6124 38
6125 39
6126 40
6127 41
6128 40
6129 41
6130 40
6131 41
6132 42
6133 41
6134 42
6135 41
6136 42
6137 41
6138 42
6139 41
6140 40
6141 41
6142 40
6143 39
6144 38
6145 37
6146 36
6147 37
6148 36
6149 35
6150 34
6151 35
6152 36
6153 37
6154 36
6155 37
6156 36
6157 37
6158 36
6159 37
6160 38
6161 39
6162 38
6163 37
6164 36
6165 35
6166 36
6167 37
6168 38
6169 39
6170 40
6171 41
6172 42
6173 41
6174 42
6175 41
6176 40
6177 39
6178 38
6179 37
6180 38
6181 39
6182 40
6183 39
6184 40
6185 41
6186 42
6187 41
6188 42
6189 41
6190 42
6191 41
6192 42
6193 41
6194 40
6195 39
6196 40
6197 41
6198 42
6199 43
6200 44
6201 43
6202 44
6203 43
6204 44
6205 45
6206 46
6207 47
6208 46
6209 45
6210 46
6211 45
6212 44
6213 43
6214 44
6215 43
6216 42
6217 41
6218 40
6219 39
6220 40
6221 39
6222 38
6223 39
6224 38
6225 39
6226 38
6227 37
6228 36
6229 35
6230 34
6231 33
6232 34
6233 35
6234 36
6235 37
6236 38
6237 37
6238 38
6239 39
6240 38
6241 37
6242 38
6243 39
6244 40
6245 39
6246 40
6247 39
6248 38
6249 37
6250 36
6251 37
6252 36
6253 35
6254 34
6255 33
6256 34
6257 35
6258 34
6259 33
6260 32
6261 33
6262 34
6263 33
6264 34
6265 33
6266 34
6267 35
6268 36
6269 37
6270 36
6271 37
6272 38
6273 37
6274 38
6275 37
6276 38
6277 37
6278 38
6279 39
6280 38
6281 37
6282 36
6283 37
6284 36
6285 37
6286 38
6287 39
6288 40
6289 39
6290 38
6291 37
6292 38
6293 39
6294 38
6295 39
6296 38
6297 37
6298 38
6299 37
6300 38
6301 39
6302 40
6303 41
6304 40
6305 41
6306 40
6307 39
6308 40
6309 39
6310 40
6311 41
6312 40
6313 39
6314 38
6315 37
6316 38
6317 39
6318 40
6319 39
6320 40
6321 39
6322 40
6323 41
6324 42
6325 43
6326 42
6327 43
6328 42
6329 43
6330 42
6331 41
6332 42
6333 41
6334 40
6335 39
6336 40
6337 41
6338 42
6339 41
6340 42
6341 41
6342 42
6343 41
6344 40
6345 41
6346 42
6347 41
6348 40
6349 41
6350 40
6351 39
6352 38
6353 39
6354 40
6355 41
6356 40
6357 39
6358 38
6359 39
6360 40
6361 41
6362 40
6363 39
6364 38
6365 37
6366 36
6367 37
6368 36
6369 35
6370 36
6371 35
6372 34
6373 33
6374 34
6375 33
6376 34
6377 35
6378 34
6379 35
6380 34
6381 35
6382 34
6383 35
6384 34
6385 35
6386 34
6387 35
6388 36
6389 35
6390 34
6391 33
6392 32
6393 33
6394 32
6395 31
6396 30
6397 31
6398 32
6399 31
6400 32
6401 31
6402 32
6403 33
6404 32
6405 33
6406 34
6407 33
6408 32
6409 33
6410 34
6411 33
6412 34
6413 33
6414 34
6415 35
6416 36
6417 37
6418 36
6419 35
6420 34
6421 35
6422 36
6423 35
6424 34
6425 33
6426 32
6427 33
6428 34
6429 33
6430 32
6431 31
6432 32
6433 33
6434 34
6435 35
6436 36
6437 37
6438 38
6439 37
6440 36
6441 37
6442 36
6443 37
6444 38
6445 37
6446 36
6447 37
6448 36
6449 37
6450 38
6451 39
6452 38
6453 39
6454 38
6455 37
6456 36
6457 37
6458 38
6459 37
6460 36
6461 37
6462 38
6463 37
6464 38
6465 37
6466 36
6467 37
6468 38
6469 39
6470 40
6471 39
6472 40
6473 39
6474 38
6475 37
6476 36
6477 35
6478 34
6479 33
6480 34
6481 33
6482 32
6483 33
6484 32
6485 31
6486 30
6487 31
6488 30
6489 29
6490 28
6491 27
6492 28
6493 29
6494 28
6495 29
6496 28
6497 27
6498 28
6499 29
6500 28
6501 29
6502 30
6503 31
6504 30
6505 29
6506 30
6507 31
6508 30
6509 29
6510 28
6511 27
6512 28
6513 27
6514 26
6515 27
6516 26
6517 25
6518 26
6519 27
6520 26
6521 25
6522 26
6523 27
6524 26
6525 27
6526 28
6527 27
6528 26
6529 27
6530 26
6531 27
6532 28
6533 29
6534 28
6535 29
6536 28
6537 27
6538 28
6539 29
6540 28
6541 29
6542 28
6543 27
6544 28
6545 29
6546 28
6547 29
6548 30
6549 31
6550 30
6551 31
6552 32
6553 33
6554 34
6555 35
6556 34
6557 35
6558 36
6559 37
6560 38
6561 39
6562 40
6563 41
6564 42
6565 41
6566 42
6567 43
6568 42
6569 41
6570 42
6571 41
6572 42
6573 41
6574 42
6575 41
6576 40
6577 39
6578 38
6579 39
6580 40
6581 39
6582 40
6583 41
6584 40
6585 41
6586 40
6587 39
6588 40
6589 41
6590 42
6591 41
6592 42
6593 41
6594 40
6595 39
6596 38
6597 37
6598 38
6599 39
6600 38
6601 37
6602 36
6603 35
6604 34
6605 35
6606 34
6607 35
6608 34
6609 35
6610 36
6611 35
6612 34
6613 35
6614 34
6615 33
6616 32
6617 33
6618 34
6619 35
6620 36
6621 37
6622 38
6623 39
6624 40
6625 41
6626 42
6627 43
6628 44
6629 45
6630 44
6631 43
6632 44
6633 43
6634 42
6635 43
6636 42
6637 41
6638 40
6639 41
6640 40
6641 39
6642 40
6643 41
6644 42
6645 41
6646 40
6647 41
6648 42
6649 43
6650 42
6651 41
6652 40
6653 41
6654 40
6655 41
6656 40
6657 41
6658 42
6659 41
6660 40
6661 41
6662 42
6663 43
6664 42
6665 43
6666 42
6667 41
6668 40
6669 39
6670 40
6671 39
6672 40
6673 41
6674 40
6675 39
6676 40
6677 41
6678 42
6679 41
6680 40
6681 41
6682 42
6683 43
6684 42
6685 41
6686 40
6687 41
6688 40
6689 41
6690 40
6691 41
6692 42
6693 43
6694 42
6695 43
6696 44
6697 45
6698 46
6699 45
6700 44
6701 43
6702 44
6703 45
6704 46
6705 45
6706 46
6707 45
6708 44
6709 43
6710 42
6711 43
6712 44
6713 45
6714 46
6715 45
6716 46
6717 45
6718 46
6719 47
6720 46
6721 47
6722 46
6723 45
6724 46
6725 45
6726 44
6727 43
6728 44
6729 43
6730 44
6731 45
6732 46
6733 47
6734 46
6735 45
6736 46
6737 47
6738 46
6739 45
6740 44
6741 45
6742 44
6743 43
6744 44
6745 45
6746 46
6747 47
6748 48
6749 47
6750 48
6751 47
6752 48
6753 49
6754 48
6755 49
6756 48
6757 47
6758 46
6759 45
6760 44
6761 43
6762 44
6763 43
6764 44
6765 43
6766 42
6767 43
6768 42
6769 41
6770 40
6771 39
6772 38
6773 37
6774 38
6775 39
6776 40
6777 41
6778 40
6779 41
6780 40
6781 39
6782 40
6783 39
6784 40
6785 39
6786 38
6787 37
6788 38
6789 39
6790 40
6791 39
6792 40
6793 39
6794 40
6795 39
6796 38
6797 39
6798 40
6799 39
6800 38
6801 37
6802 36
6803 35
6804 34
6805 35
6806 34
6807 33
6808 32
6809 33
6810 32
6811 31
6812 30
6813 31
6814 30
6815 31
6816 30
6817 29
6818 30
6819 29
6820 30
6821 31
6822 32
6823 31
6824 30
6825 31
6826 30
6827 29
6828 28
6829 27
6830 26
6831 27
6832 26
6833 27
6834 28
6835 27
6836 28
6837 29
6838 30
6839 29
6840 28
6841 29
6842 28
6843 29
6844 28
6845 27
6846 28
6847 27
6848 26
6849 27
6850 28
6851 27
6852 26
6853 25
6854 24
6855 23
6856 24
6857 25
6858 24
6859 25
6860 26
6861 25
6862 24
6863 23
6864 24
6865 25
6866 24
6867 23
6868 24
6869 23
6870 22
6871 21
6872 20
6873 19
6874 18
6875 19
6876 18
6877 19
6878 18
6879 19
6880 20
6881 19
6882 20
6883 21
6884 20
6885 21
6886 22
6887 23
6888 24
6889 23
6890 24
6891 23
6892 24
6893 23
6894 24
6895 23
6896 22
6897 21
6898 22
6899 23
6900 22
6901 23
6902 22
6903 21
6904 20
6905 21
6906 22
6907 23
6908 22
6909 21
6910 20
6911 21
6912 22
6913 23
6914 22
6915 23
6916 22
6917 23
6918 24
6919 25
6920 26
6921 27
6922 28
6923 29
6924 28
6925 27
6926 28
6927 29
6928 30
6929 31
6930 30
6931 31
6932 30
6933 31
6934 32
6935 33
6936 32
6937 31
6938 30
6939 29
6940 30
6941 29
6942 30
6943 31
6944 32
6945 31
6946 32
6947 31
6948 30
6949 31
6950 32
6951 31
6952 32
6953 33
6954 32
6955 31
6956 30
6957 29
6958 28
6959 27
6960 26
6961 25
6962 24
6963 25
6964 24
6965 25
6966 24
6967 25
6968 24
6969 25
6970 26
6971 25
6972 26
6973 25
6974 24
6975 25
6976 24
6977 23
6978 22
6979 23
6980 22
6981 23
6982 24
6983 25
6984 24
6985 23
6986 22
6987 23
6988 24
6989 25
6990 24
6991 25
6992 26
6993 25
6994 26
6995 27
6996 26
6997 25
6998 24
6999 23
7000 24
7001 25
7002 24
7003 25
7004 24
7005 25
7006 26
7007 27
7008 26
7009 27
7010 26
7011 27
7012 26
7013 27
7014 28
7015 27
7016 26
7017 25
7018 26
7019 27
7020 28
7021 29
7022 30
7023 29
7024 30
7025 29
7026 30
7027 31
7028 30
7029 31
7030 30
7031 29
7032 28
7033 29
7034 30
7035 29
7036 30
7037 31
7038 30
7039 31
7040 32
7041 33
7042 32
7043 33
7044 34
7045 33
7046 34
7047 33
7048 32
7049 31
7050 32
7051 31
7052 30
7053 29
7054 30
7055 29
7056 30
7057 31
7058 32
7059 33
7060 32
7061 33
7062 32
7063 31
7064 30
7065 31
7066 30
7067 29
7068 30
7069 31
7070 30
7071 29
7072 28
7073 27
7074 28
7075 29
7076 28
7077 27
7078 28
7079 27
7080 26
7081 27
7082 28
7083 27
7084 28
7085 29
7086 30
7087 31
7088 30
7089 29
7090 30
7091 29
7092 30
7093 29
7094 28
7095 27
7096 28
7097 29
7098 30
7099 29
7100 30
7101 31
7102 30
7103 29
7104 28
7105 29
7106 28
7107 29
7108 28
7109 29
7110 30
7111 29
7112 28
7113 27
7114 28
7115 29
7116 28
7117 27
7118 26
7119 27
7120 26
7121 27
7122 28
7123 27
7124 26
7125 27
7126 28
7127 27
7128 26
7129 25
7130 26
7131 27
7132 28
7133 29
7134 30
7135 31
7136 32
7137 33
7138 32
7139 33
7140 32
7141 33
7142 34
7143 35
7144 34
7145 33
7146 32
7147 31
7148 32
7149 31
7150 32
7151 33
7152 32
7153 33
7154 34
7155 35
7156 36
7157 35
7158 36
7159 37
7160 36
7161 35
7162 34
7163 35
7164 34
7165 33
7166 32
7167 31
7168 32
7169 33
7170 32
7171 31
7172 30
7173 29
7174 30
7175 31
7176 32
7177 33
7178 34
7179 35
7180 34
7181 35
7182 34
7183 33
7184 34
7185 33
7186 32
7187 31
7188 30
7189 31
7190 32
7191 31
7192 30
7193 31
7194 30
7195 31
7196 32
7197 31
7198 32
7199 33
7200 34
7201 35
7202 34
7203 35
7204 34
7205 33
7206 34
7207 33
7208 32
7209 33
7210 34
7211 35
7212 36
7213 35
7214 34
7215 33
7216 34
7217 35
7218 36
7219 37
7220 36
7221 37
7222 38
7223 39
7224 38
7225 37
7226 36
7227 35
7228 34
7229 35
7230 36
7231 37
7232 38
7233 39
7234 38
7235 39
7236 40
7237 39
7238 38
7239 39
7240 40
7241 39
7242 38
7243 39
7244 40
7245 41
7246 42
7247 43
7248 42
7249 41
7250 40
7251 41
7252 40
7253 39
7254 40
7255 39
7256 40
7257 39
7258 38
7259 37
7260 38
7261 39
7262 38
7263 39
7264 38
7265 37
7266 36
7267 35
7268 34
7269 33
7270 32
7271 33
7272 34
7273 35
7274 34
7275 33
7276 34
7277 33
7278 34
7279 33
7280 34
7281 35
7282 34
7283 33
7284 32
7285 33
7286 34
7287 35
7288 36
7289 35
7290 36
7291 37
7292 36
7293 35
7294 34
7295 35
7296 34
7297 35
7298 34
7299 35
7300 34
7301 35
7302 34
7303 33
7304 34
7305 35
7306 34
7307 35
7308 36
7309 35
7310 34
7311 33
7312 34
7313 35
7314 34
7315 35
7316 34
7317 35
7318 34
7319 33
7320 32
7321 33
7322 32
7323 31
7324 30
7325 29
7326 30
7327 31
7328 30
7329 31
7330 30
7331 29
7332 30
7333 29
7334 28
7335 29
7336 28
7337 29
7338 30
7339 29
7340 28
7341 29
7342 28
7343 27
7344 28
7345 29
7346 28
7347 27
7348 28
7349 27
7350 28
7351 27
7352 26
7353 27
7354 28
7355 27
7356 28
7357 27
7358 26
7359 25
7360 24
7361 25
7362 26
7363 25
7364 26
7365 25
7366 26
7367 27
7368 28
7369 27
7370 28
7371 27
7372 28
7373 27
7374 26
7375 27
7376 26
7377 27
7378 28
7379 29
7380 28
7381 27
7382 26
7383 27
7384 26
7385 25
7386 26
7387 27
7388 28
7389 29
7390 28
7391 29
7392 30
7393 31
7394 32
7395 31
7396 30
7397 31
7398 30
7399 31
7400 32
7401 31
7402 30
7403 31
7404 32
7405 33
7406 34
7407 33
7408 32
7409 31
7410 30
7411 31
7412 32
7413 31
7414 32
7415 33
7416 34
7417 35
7418 36
7419 35
7420 34
7421 35
7422 34
7423 35
7424 36
7425 35
7426 36
7427 35
7428 34
7429 33
7430 32
7431 33
7432 34
7433 35
7434 34
7435 35
7436 34
7437 33
7438 34
7439 35
7440 36
7441 35
7442 34
7443 33
7444 34
7445 33
7446 34
7447 33
7448 34
7449 33
7450 34
7451 35
7452 36
7453 37
7454 36
7455 35
7456 36
7457 35
7458 34
7459 35
7460 34
7461 35
7462 36
7463 35
7464 34
7465 35
7466 36
7467 35
7468 34
7469 35
7470 34
7471 33
7472 32
7473 31
7474 30
7475 29
7476 28
7477 27
7478 26
7479 27
7480 28
7481 29
7482 28
7483 27
7484 28
7485 27
7486 26
7487 27
7488 26
7489 27
7490 28
7491 29
7492 28
7493 29
7494 28
7495 29
7496 28
7497 27
7498 26
7499 25
7500 26
7501 25
7502 26
7503 25
7504 24
7505 23
7506 24
7507 23
7508 24
7509 23
7510 24
7511 25
7512 26
7513 27
7514 26
7515 25
7516 26
7517 27
7518 28
7519 27
7520 28
7521 27
7522 26
7523 27
7524 28
7525 29
7526 28
7527 27
7528 26
7529 27
7530 28
7531 27
7532 26
7533 25
7534 26
7535 25
7536 24
7537 25
7538 26
7539 27
7540 28
7541 27
7542 28
7543 29
7544 28
7545 29
7546 30
7547 29
7548 30
7549 29
7550 28
7551 27
7552 26
7553 27
7554 26
7555 27
7556 28
7557 27
7558 28
7559 27
7560 26
7561 27
7562 28
7563 27
7564 26
7565 27
7566 26
7567 25
7568 26
7569 25
7570 26
7571 25
7572 24
7573 25
7574 26
7575 27
7576 28
7577 27
7578 26
7579 25
7580 24
7581 25
7582 24
7583 23
7584 24
7585 23
7586 22
7587 21
7588 22
7589 21
7590 20
7591 21
7592 20
7593 19
7594 20
7595 21
7596 20
7597 19
7598 20
7599 19
7600 18
7601 17
7602 16
7603 17
7604 18
7605 19
7606 20
7607 21
7608 22
7609 21
7610 20
7611 21
7612 22
7613 23
7614 24
7615 23
7616 24
7617 23
7618 22
7619 23
7620 22
7621 23
7622 22
7623 21
7624 22
7625 21
7626 22
7627 21
7628 20
7629 19
7630 20
7631 21
7632 22
7633 21
7634 22
7635 21
7636 20
7637 19
7638 20
7639 19
7640 20
7641 19
7642 18
7643 17
7644 18
7645 17
7646 18
7647 17
7648 16
7649 17
7650 18
7651 17
7652 18
7653 19
7654 18
7655 19
7656 18
7657 19
7658 18
7659 17
7660 16
7661 17
7662 18
7663 17
7664 18
7665 19
7666 20
7667 19
7668 20
7669 21
7670 22
7671 23
7672 24
7673 23
7674 24
7675 25
7676 26
7677 27
7678 26
7679 25
7680 26
7681 27
7682 28
7683 27
7684 28
7685 27
7686 28
7687 27
7688 26
7689 25
7690 26
7691 27
7692 28
7693 27
7694 28
7695 27
7696 28
7697 27
7698 26
7699 25
7700 24
7701 25
7702 24
7703 25
7704 26
7705 27
7706 28
7707 29
7708 30
7709 29
7710 28
7711 27
7712 28
7713 27
7714 26
7715 27
7716 26
7717 27
7718 26
7719 25
7720 24
7721 25
7722 26
7723 27
7724 26
7725 25
7726 24
7727 23
7728 24
7729 23
7730 22
7731 23
7732 22
7733 21
7734 20
7735 21
7736 22
7737 21
7738 22
7739 21
7740 20
7741 19
7742 20
7743 19
7744 20
7745 21
7746 22
7747 23
7748 24
7749 25
7750 24
7751 23
7752 24
7753 23
7754 24
7755 25
7756 26
7757 27
7758 28
7759 27
7760 26
7761 25
7762 24
7763 25
7764 24
7765 23
7766 24
7767 25
7768 26
7769 25
7770 24
7771 25
7772 26
7773 25
7774 26
7775 27
7776 28
7777 29
7778 28
7779 27
7780 28
7781 29
7782 30
7783 31
7784 30
7785 31
7786 30
7787 31
7788 32
7789 33
7790 32
7791 33
7792 32
7793 33
7794 32
7795 31
7796 32
7797 31
7798 32
7799 33
7800 34
7801 35
7802 36
7803 35
7804 36
7805 35
7806 36
7807 35
7808 36
7809 37
7810 38
7811 39
7812 40
7813 41
7814 42
7815 43
7816 42
7817 41
7818 42
7819 41
7820 40
7821 39
7822 38
7823 39
7824 38
7825 37
7826 38
7827 39
7828 40
7829 41
7830 40
7831 41
7832 40
7833 41
7834 40
7835 41
7836 42
7837 41
7838 42
7839 41
7840 42
7841 43
7842 44
7843 45
7844 46
7845 45
7846 44
7847 43
7848 42
7849 43
7850 44
7851 43
7852 42
7853 41
7854 40
7855 39
7856 38
7857 39
7858 40
7859 41
7860 42
7861 41
7862 42
7863 41
7864 42
7865 41
7866 42
7867 43
7868 44
7869 43
7870 42
7871 43
7872 44
7873 43
7874 44
7875 43
7876 44
7877 45
7878 46
7879 45
7880 44
7881 43
7882 42
7883 41
7884 40
7885 41
7886 42
7887 43
7888 44
7889 43
7890 44
7891 45
7892 44
7893 43
7894 44
7895 45
7896 44
7897 43
7898 42
7899 43
7900 42
7901 41
7902 40
7903 39
7904 38
7905 37
7906 38
7907 37
7908 38
7909 37
7910 36
7911 37
7912 38
7913 37
7914 36
7915 35
7916 36
7917 37
7918 38
7919 39
7920 38
7921 37
7922 38
7923 37
7924 36
7925 37
7926 38
7927 37
7928 38
7929 39
7930 40
7931 39
7932 40
7933 39
7934 38
7935 39
7936 40
7937 41
7938 42
7939 41
7940 42
7941 43
7942 42
7943 41
7944 40
7945 41
7946 40
7947 41
7948 40
7949 41
7950 40
7951 39
7952 38
7953 39
7954 40
7955 39
7956 38
7957 39
7958 38
7959 39
7960 40
7961 39
7962 38
7963 37
7964 38
7965 39
7966 38
7967 39
7968 38
7969 39
7970 40
7971 41
7972 40
7973 39
7974 38
7975 39
7976 40
7977 41
7978 42
7979 41
7980 40
7981 39
7982 38
7983 39
7984 38
7985 37
7986 36
7987 37
7988 36
7989 35
7990 36
7991 35
7992 34
7993 33
7994 32
7995 31
7996 32
7997 33
7998 34
7999 33
8000 34
8001 35
8002 36
8003 37
8004 38
8005 39
8006 38
8007 39
8008 38
8009 39
8010 38
8011 39
8012 38
8013 39
8014 38
8015 39
8016 38
8017 37
8018 36
8019 37
8020 36
8021 35
8022 36
8023 37
8024 36
8025 37
8026 36
8027 35
8028 34
8029 35
8030 34
8031 33
8032 34
8033 33
8034 32
8035 31
8036 32
8037 31
8038 32
8039 31
8040 30
8041 29
8042 30
8043 29
8044 30
8045 29
8046 28
8047 27
8048 28
8049 29
8050 30
8051 31
8052 30
8053 29
8054 28
8055 29
8056 28
8057 27
8058 28
8059 29
8060 30
8061 29
8062 30
8063 31
8064 32
8065 31
8066 32
8067 33
8068 34
8069 33
8070 34
8071 33
8072 34
8073 35
8074 36
8075 37
8076 38
8077 39
8078 38
8079 37
8080 38
8081 37
8082 36
8083 37
8084 36
8085 35
8086 36
8087 35
8088 34
8089 35
8090 36
8091 37
8092 38
8093 39
8094 40
8095 41
8096 40
8097 39
8098 38
8099 39
8100 38
8101 37
8102 38
8103 39
8104 40
8105 39
8106 38
8107 37
8108 38
8109 39
8110 40
8111 39
8112 38
8113 39
8114 38
8115 37
8116 36
8117 35
8118 36
8119 35
8120 36
8121 37
8122 36
8123 35
8124 36
8125 35
8126 36
8127 37
8128 36
8129 35
8130 34
8131 35
8132 36
8133 37
8134 36
8135 35
8136 34
8137 35
8138 36
8139 37
8140 36
8141 35
8142 34
8143 33
8144 32
8145 31
8146 30
8147 29
8148 28
8149 27
8150 26
8151 25
8152 24
8153 25
8154 26
8155 25
8156 26
8157 25
8158 26
8159 27
8160 28
8161 29
8162 30
8163 31
8164 30
8165 29
8166 30
8167 29
8168 30
8169 31
8170 30
8171 29
8172 30
8173 29
8174 30
8175 31
8176 32
8177 33
8178 32
8179 33
8180 32
8181 31
8182 32
8183 33
8184 32
8185 33
8186 32
8187 33
8188 34
8189 33
8190 34
8191 33
8192 34
8193 35
8194 36
8195 35
8196 36
8197 37
8198 36
8199 35
8200 34
8201 35
8202 34
8203 33
8204 32
8205 33
8206 34
8207 35
8208 34
8209 33
8210 34
8211 35
8212 36
8213 37
8214 36
8215 35
8216 34
8217 33
8218 34
8219 35
8220 36
8221 37
8222 38
8223 39
8224 40
8225 41
8226 42
8227 41
8228 42
8229 41
8230 40
8231 41
8232 42
8233 43
8234 44
8235 43
8236 42
8237 43
8238 42
8239 43
8240 44
8241 45
8242 46
8243 47
8244 46
8245 47
8246 46
8247 47
8248 46
8249 45
8250 44
8251 45
8252 44
8253 45
8254 44
8255 43
8256 42
8257 43
8258 42
8259 41
8260 40
8261 41
8262 42
8263 41
8264 42
8265 43
8266 44
8267 45
8268 46
8269 45
8270 46
8271 45
8272 46
8273 45
8274 44
8275 43
8276 42
8277 41
8278 40
8279 41
8280 40
8281 39
8282 38
8283 39
8284 40
8285 39
8286 40
8287 41
8288 40
8289 41
8290 42
8291 41
8292 42
8293 43
8294 44
8295 43
8296 44
8297 45
8298 46
8299 45
8300 46
8301 45
8302 44
8303 43
8304 42
8305 41
8306 40
8307 39
8308 40
8309 39
8310 40
8311 39
8312 40
8313 41
8314 40
8315 39
8316 38
8317 37
8318 36
8319 35
8320 34
8321 33
8322 34
8323 35
8324 34
8325 35
8326 34
8327 33
8328 32
8329 33
8330 34
8331 33
8332 34
8333 33
8334 32
8335 33
8336 34
8337 35
8338 36
8339 35
8340 34
8341 33
8342 34
8343 33
8344 32
8345 31
8346 30
8347 31
8348 30
8349 31
8350 30
8351 31
8352 30
8353 29
8354 30
8355 29
8356 30
8357 29
8358 28
8359 29
8360 30
8361 29
8362 28
8363 27
8364 26
8365 25
8366 26
8367 27
8368 26
8369 25
8370 26
8371 25
8372 26
8373 25
8374 26
8375 27
8376 26
8377 27
8378 26
8379 25
8380 26
8381 25
8382 24
8383 23
8384 22
8385 21
8386 20
8387 19
8388 20
8389 19
8390 20
8391 19
8392 20
8393 21
8394 22
8395 21
8396 22
8397 21
8398 20
8399 19
8400 18
8401 19
8402 20
8403 21
8404 20
8405 21
8406 20
8407 21
8408 20
8409 19
8410 20
8411 21
8412 20
8413 19
8414 20
8415 19
8416 18
8417 19
8418 18
8419 17
8420 18
8421 19
8422 20
8423 21
8424 22
8425 23
8426 24
8427 23
8428 24
8429 25
8430 24
8431 23
8432 22
8433 21
8434 20
8435 19
8436 18
8437 17
8438 18
8439 17
8440 16
8441 17
8442 16
8443 17
8444 16
8445 17
8446 18
8447 19
8448 18
8449 17
8450 16
8451 15
8452 16
8453 15
8454 14
8455 13
8456 14
8457 13
8458 14
8459 13
8460 12
8461 11
8462 10
8463 9
8464 8
8465 7
8466 6
8467 5
8468 6
8469 7
8470 8
8471 7
8472 6
8473 5
8474 4
8475 5
8476 4
8477 5
8478 6
8479 5
8480 4
8481 3
8482 2
8483 1
8484 2
8485 1
8486 0
8487 -1
8488 -2
8489 -1
8490 -2
8491 -1
8492 0
8493 -1
8494 0
8495 1
8496 0
8497 -1
8498 -2
8499 -1
8500 0
8501 1
8502 0
8503 -1
8504 0
8505 1
8506 2
8507 1
8508 0
8509 -1
8510 0
8511 -1
8512 0
8513 -1
8514 -2
8515 -3
8516 -4
8517 -5
8518 -4
8519 -5
8520 -4
8521 -5
8522 -6
8523 -7
8524 -8
8525 -7
8526 -8
8527 -7
8528 -6
8529 -5
8530 -6
8531 -7
8532 -8
8533 -7
8534 -6
8535 -7
8536 -6
8537 -7
8538 -8
8539 -7
8540 -6
8541 -7
8542 -8
8543 -9
8544 -10
8545 -11
8546 -12
8547 -11
8548 -12
8549 -13
8550 -14
8551 -13
8552 -12
8553 -11
8554 -12
8555 -11
8556 -10
8557 -11
8558 -12
8559 -13
8560 -14
8561 -13
8562 -14
8563 -15
8564 -16
8565 -17
8566 -16
8567 -17
8568 -18
8569 -17
8570 -18
8571 -17
8572 -18
8573 -19
8574 -20
8575 -21
8576 -20
8577 -19
8578 -18
8579 -19
8580 -18
8581 -19
8582 -20
8583 -21
8584 -20
8585 -19
8586 -20
8587 -19
8588 -18
8589 -19
8590 -20
8591 -21
8592 -22
8593 -21
8594 -22
8595 -23
8596 -24
8597 -25
8598 -24
8599 -25
8600 -24
8601 -23
8602 -24
8603 -25
8604 -26
8605 -27
8606 -28
8607 -29
8608 -30
8609 -29
8610 -28
8611 -27
8612 -26
8613 -27
8614 -26
8615 -27
8616 -26
8617 -27
8618 -28
8619 -27
8620 -26
8621 -27
8622 -26
8623 -25
8624 -24
8625 -23
8626 -22
8627 -23
8628 -24
8629 -23
8630 -24
8631 -23
8632 -22
8633 -23
8634 -22
8635 -23
8636 -22
8637 -23
8638 -22
8639 -23
8640 -22
8641 -23
8642 -24
8643 -25
8644 -26
8645 -27
8646 -28
8647 -29
8648 -30
8649 -31
8650 -32
8651 -33
8652 -32
8653 -31
8654 -30
8655 -29
8656 -30
8657 -29
8658 -28
8659 -29
8660 -28
8661 -29
8662 -30
8663 -29
8664 -30
8665 -31
8666 -30
8667 -31
8668 -30
8669 -29
8670 -28
8671 -27
8672 -26
8673 -25
8674 -24
8675 -23
8676 -24
8677 -25
8678 -24
8679 -23
8680 -22
8681 -21
8682 -22
8683 -21
8684 -20
8685 -19
8686 -18
8687 -17
8688 -16
8689 -15
8690 -16
8691 -15
8692 -14
8693 -13
8694 -12
8695 -11
8696 -12
8697 -11
8698 -10
8699 -11
8700 -10
8701 -9
8702 -8
8703 -9
8704 -8
8705 -7
8706 -6
8707 -5
8708 -4
8709 -5
8710 -6
8711 -7
8712 -8
8713 -9
8714 -10
8715 -9
8716 -10
8717 -11
8718 -12
8719 -13
8720 -12
8721 -11
8722 -12
8723 -13
8724 -12
8725 -13
8726 -14
8727 -13
8728 -14
8729 -13
8730 -14
8731 -15
8732 -16
8733 -17
8734 -18
8735 -17
8736 -16
8737 -17
8738 -16
8739 -17
8740 -16
8741 -15
8742 -16
8743 -17
8744 -16
8745 -15
8746 -14
8747 -13
8748 -14
8749 -15
8750 -16
8751 -15
8752 -16
8753 -15
8754 -16
8755 -15
8756 -16
8757 -15
8758 -14
8759 -13
8760 -12
8761 -11
8762 -12
8763 -13
8764 -14
8765 -13
8766 -12
8767 -13
8768 -14
8769 -13
8770 -12
8771 -13
8772 -14
8773 -13
8774 -12
8775 -13
8776 -14
8777 -13
8778 -12
8779 -13
8780 -12
8781 -13
8782 -12
8783 -11
8784 -12
8785 -11
8786 -10
8787 -9
8788 -8
8789 -7
8790 -8
8791 -7
8792 -6
8793 -7
8794 -8
8795 -7
8796 -6
8797 -5
8798 -4
8799 -5
8800 -4
8801 -5
8802 -4
8803 -3
8804 -2
8805 -3
8806 -2
8807 -3
8808 -2
8809 -3
8810 -4
8811 -3
8812 -4
8813 -5
8814 -4
8815 -5
8816 -4
8817 -5
8818 -6
8819 -5
8820 -6
8821 -7
8822 -8
8823 -7
8824 -8
8825 -9
8826 -8
8827 -9
8828 -8
8829 -9
8830 -8
8831 -9
8832 -10
8833 -9
8834 -10
8835 -9
8836 -8
8837 -9
8838 -10
8839 -11
8840 -10
8841 -11
8842 -12
8843 -11
8844 -12
8845 -11
8846 -10
8847 -9
8848 -8
8849 -9
8850 -10
8851 -9
8852 -10
8853 -9
8854 -8
8855 -9
8856 -10
8857 -9
8858 -10
8859 -9
8860 -10
8861 -9
8862 -8
8863 -7
8864 -8
8865 -9
8866 -10
8867 -9
8868 -8
8869 -7
8870 -6
8871 -7
8872 -8
8873 -9
8874 -10
8875 -11
8876 -12
8877 -11
8878 -12
8879 -13
8880 -12
8881 -11
8882 -12
8883 -13
8884 -14
8885 -13
8886 -14
8887 -13
8888 -14
8889 -15
8890 -14
8891 -13
8892 -14
8893 -13
8894 -14
8895 -13
8896 -14
8897 -15
8898 -16
8899 -15
8900 -14
8901 -13
8902 -12
8903 -13
8904 -12
8905 -11
8906 -12
8907 -11
8908 -10
8909 -11
8910 -12
8911 -11
8912 -12
8913 -11
8914 -10
8915 -11
8916 -10
8917 -11
8918 -12
8919 -13
8920 -12
8921 -11
8922 -10
8923 -9
8924 -8
8925 -9
8926 -10
8927 -9
8928 -8
8929 -9
8930 -8
8931 -9
8932 -8
8933 -7
8934 -6
8935 -7
8936 -6
8937 -7
8938 -6
8939 -5
8940 -6
8941 -7
8942 -8
8943 -9
8944 -8
8945 -7
8946 -6
8947 -5
8948 -4
8949 -3
8950 -4
8951 -3
8952 -4
8953 -3
8954 -2
8955 -3
8956 -2
8957 -1
8958 0
8959 -1
8960 0
8961 1
8962 2
8963 3
8964 4
8965 3
8966 4
8967 3
8968 4
8969 5
8970 6
8971 5
8972 4
8973 3
8974 2
8975 1
8976 2
8977 1
8978 2
8979 1
8980 0
8981 -1
8982 -2
8983 -3
8984 -2
8985 -1
8986 -2
8987 -3
8988 -2
8989 -1
8990 0
8991 -1
8992 -2
8993 -3
8994 -4
8995 -5
8996 -6
8997 -7
8998 -6
8999 -5
9000 -6
9001 -5
9002 -6
9003 -7
9004 -8
9005 -7
9006 -6
9007 -7
9008 -8
9009 -9
9010 -10
9011 -11
9012 -10
9013 -11
9014 -10
9015 -11
9016 -12
9017 -13
9018 -14
9019 -13
9020 -14
9021 -15
9022 -16
9023 -15
9024 -14
9025 -13
9026 -12
9027 -13
9028 -14
9029 -15
9030 -14
9031 -13
9032 -14
9033 -13
9034 -14
9035 -15
9036 -14
9037 -13
9038 -12
9039 -11
9040 -10
9041 -9
9042 -10
9043 -11
9044 -10
9045 -11
9046 -10
9047 -9
9048 -8
9049 -9
9050 -8
9051 -7
9052 -8
9053 -9
9054 -10
9055 -9
9056 -8
9057 -9
9058 -10
9059 -11
9060 -10
9061 -11
9062 -12
9063 -11
9064 -12
9065 -11
9066 -12
9067 -11
9068 -10
9069 -9
9070 -8
9071 -9
9072 -8
9073 -7
9074 -8
9075 -9
9076 -10
9077 -11
9078 -12
9079 -11
9080 -10
9081 -11
9082 -10
9083 -11
9084 -12
9085 -11
9086 -10
9087 -9
9088 -8
9089 -7
9090 -8
9091 -9
9092 -10
9093 -11
9094 -12
9095 -13
9096 -12
9097 -13
9098 -14
9099 -13
9100 -12
9101 -11
9102 -12
9103 -13
9104 -14
9105 -13
9106 -14
9107 -15
9108 -14
9109 -15
9110 -14
9111 -13
9112 -14
9113 -15
9114 -16
9115 -17
9116 -16
9117 -17
9118 -16
9119 -17
9120 -16
9121 -15
9122 -14
9123 -15
9124 -16
9125 -17
9126 -18
9127 -17
9128 -18
9129 -17
9130 -16
9131 -15
9132 -14
9133 -13
9134 -12
9135 -13
9136 -12
9137 -11
9138 -10
9139 -11
9140 -10
9141 -9
9142 -10
9143 -11
9144 -10
9145 -9
9146 -8
9147 -7
9148 -6
9149 -5
9150 -6
9151 -7
9152 -8
9153 -9
9154 -8
9155 -7
9156 -8
9157 -7
9158 -8
9159 -7
9160 -6
9161 -7
9162 -6
9163 -5
9164 -4
9165 -5
9166 -6
9167 -7
9168 -8
9169 -9
9170 -10
9171 -9
9172 -8
9173 -7
9174 -6
9175 -5
9176 -6
9177 -5
9178 -6
9179 -7
9180 -8
9181 -7
9182 -6
9183 -5
9184 -4
9185 -3
9186 -4
9187 -3
9188 -4
9189 -3
9190 -2
9191 -1
9192 -2
9193 -3
9194 -4
9195 -5
9196 -6
9197 -7
9198 -6
9199 -7
9200 -8
9201 -9
9202 -8
9203 -7
9204 -6
9205 -5
9206 -4
9207 -5
9208 -6
9209 -7
9210 -6
9211 -7
9212 -6
9213 -5
9214 -6
9215 -5
9216 -4
9217 -3
9218 -2
9219 -3
9220 -2
9221 -3
9222 -4
9223 -5
9224 -4
9225 -3
9226 -4
9227 -3
9228 -4
9229 -3
9230 -2
9231 -3
9232 -4
9233 -5
9234 -4
9235 -5
9236 -6
9237 -5
9238 -4
9239 -5
9240 -4
9241 -3
9242 -2
9243 -1
9244 -2
9245 -3
9246 -2
9247 -1
9248 0
9249 1
9250 0
9251 1
9252 2
9253 1
9254 0
9255 1
9256 2
9257 3
9258 4
9259 5
9260 6
9261 7
9262 8
9263 7
9264 6
9265 7
9266 8
9267 7
9268 6
9269 5
9270 4
9271 5
9272 4
9273 3
9274 4
9275 5
9276 6
9277 5
9278 6
9279 7
9280 6
9281 7
9282 8
9283 7
9284 6
9285 5
9286 6
9287 7
9288 8
9289 7
9290 8
9291 7
9292 6
9293 7
9294 8
9295 7
9296 6
9297 5
9298 4
9299 3
9300 2
9301 1
9302 0
9303 -1
9304 -2
9305 -3
9306 -2
9307 -3
9308 -2
9309 -3
9310 -4
9311 -3
9312 -4
9313 -3
9314 -2
9315 -3
9316 -4
9317 -3
9318 -4
9319 -3
9320 -2
9321 -3
9322 -4
9323 -5
9324 -6
9325 -5
9326 -4
9327 -3
9328 -2
9329 -1
9330 -2
9331 -3
9332 -2
9333 -3
9334 -2
9335 -3
9336 -2
9337 -3
9338 -4
9339 -5
9340 -4
9341 -3
9342 -2
9343 -3
9344 -4
9345 -3
9346 -2
9347 -3
9348 -2
9349 -3
9350 -4
9351 -5
9352 -4
9353 -3
9354 -2
9355 -1
9356 0
9357 -1
9358 -2
9359 -3
9360 -4
9361 -3
9362 -2
9363 -1
9364 0
9365 -1
9366 -2
9367 -3
9368 -2
9369 -3
9370 -4
9371 -3
9372 -4
9373 -5
9374 -4
9375 -3
9376 -2
9377 -3
9378 -2
9379 -1
9380 -2
9381 -3
9382 -4
9383 -5
9384 -6
9385 -7
9386 -6
9387 -5
9388 -6
9389 -5
9390 -6
9391 -7
9392 -8
9393 -9
9394 -8
9395 -7
9396 -8
9397 -7
9398 -8
9399 -9
9400 -10
9401 -11
9402 -12
9403 -13
9404 -12
9405 -11
9406 -10
9407 -11
9408 -10
9409 -11
9410 -12
9411 -13
9412 -14
9413 -13
9414 -12
9415 -13
9416 -14
9417 -15
9418 -16
9419 -17
9420 -18
9421 -19
9422 -20
9423 -19
9424 -18
9425 -19
9426 -20
9427 -21
9428 -22
9429 -21
9430 -20
9431 -19
9432 -18
9433 -17
9434 -16
9435 -15
9436 -16
9437 -17
9438 -18
9439 -17
9440 -16
9441 -17
9442 -16
9443 -15
9444 -16
9445 -17
9446 -16
9447 -17
9448 -18
9449 -19
9450 -18
9451 -19
9452 -20
9453 -21
9454 -20
9455 -19
9456 -18
9457 -17
9458 -18
9459 -17
9460 -16
9461 -15
9462 -16
9463 -15
9464 -14
9465 -13
9466 -12
9467 -11
9468 -12
9469 -13
9470 -12
9471 -11
9472 -10
9473 -9
9474 -10
9475 -9
9476 -8
9477 -7
9478 -6
9479 -5
9480 -6
9481 -5
9482 -4
9483 -3
9484 -2
9485 -3
9486 -2
9487 -1
9488 0
9489 1
9490 2
9491 3
9492 4
9493 3
9494 4
9495 5
9496 6
9497 5
9498 4
9499 3
9500 4
9501 5
9502 4
9503 5
9504 4
9505 5
9506 4
9507 3
9508 2
9509 3
9510 4
9511 5
9512 6
9513 7
9514 6
9515 7
9516 6
9517 5
9518 6
9519 7
9520 6
9521 7
9522 6
9523 7
9524 6
9525 7
9526 8
9527 7
9528 6
9529 5
9530 6
9531 7
9532 6
9533 7
9534 8
9535 7
9536 8
9537 9
9538 8
9539 9
9540 10
9541 9
9542 10
9543 11
9544 12
9545 13
9546 14
9547 15
9548 16
9549 17
9550 16
9551 17
9552 16
9553 15
9554 16
9555 17
9556 18
9557 19
9558 18
9559 17
9560 18
9561 17
9562 18
9563 19
9564 20
9565 19
9566 18
9567 19
9568 18
9569 19
9570 20
9571 21
9572 20
9573 19
9574 20
9575 19
9576 20
9577 21
9578 20
9579 19
9580 18
9581 17
9582 16
9583 17
9584 16
9585 15
9586 14
9587 13
9588 14
9589 13
9590 12
9591 13
9592 14
9593 13
9594 14
9595 13
9596 14
9597 13
9598 12
9599 13
9600 14
9601 13
9602 12
9603 13
9604 14
9605 13
9606 12
9607 11
9608 12
9609 13
9610 14
9611 13
9612 12
9613 11
9614 12
9615 11
9616 12
9617 13
9618 14
9619 15
9620 14
9621 15
9622 16
9623 17
9624 18
9625 19
9626 20
9627 21
9628 22
9629 21
9630 20
9631 19
9632 18
9633 17
9634 16
9635 15
9636 14
9637 15
9638 16
9639 15
9640 14
9641 15
9642 16
9643 15
9644 16
9645 15
9646 14
9647 13
9648 14
9649 15
9650 16
9651 17
9652 18
9653 17
9654 18
9655 17
9656 18
9657 17
9658 18
9659 19
9660 20
9661 19
9662 20
9663 21
9664 22
9665 21
9666 20
9667 21
9668 20
9669 19
9670 20
9671 21
9672 20
9673 19
9674 18
9675 17
9676 16
9677 15
9678 14
9679 15
9680 16
9681 15
9682 16
9683 17
9684 16
9685 17
9686 16
9687 17
9688 16
9689 17
9690 18
9691 19
9692 18
9693 17
9694 18
9695 17
9696 18
9697 19
9698 20
9699 21
9700 22
9701 21
9702 20
9703 19
9704 20
9705 19
9706 20
9707 19
9708 20
9709 19
9710 18
9711 17
9712 18
9713 19
9714 20
9715 19
9716 20
9717 19
9718 20
9719 19
9720 20
9721 21
9722 20
9723 21
9724 20
9725 19
9726 18
9727 17
9728 18
9729 17
9730 16
9731 17
9732 18
9733 19
9734 20
9735 21
9736 20
9737 21
9738 20
9739 19
9740 18
9741 17
9742 18
9743 17
9744 18
9745 19
9746 18
9747 19
9748 18
9749 17
9750 18
9751 17
9752 16
9753 15
9754 14
9755 15
9756 16
9757 15
9758 14
9759 15
9760 16
9761 17
9762 18
9763 17
9764 18
9765 19
9766 20
9767 19
9768 20
9769 21
9770 20
9771 21
9772 22
9773 23
9774 24
9775 25
9776 26
9777 27
9778 26
9779 27
9780 28
9781 27
9782 26
9783 27
9784 28
9785 27
9786 28
9787 27
9788 26
9789 25
9790 26
9791 27
9792 26
9793 25
9794 26
9795 27
9796 28
9797 29
9798 28
9799 29
9800 28
9801 27
9802 26
9803 27
9804 26
9805 25
9806 26
9807 27
9808 26
9809 25
9810 24
9811 23
9812 22
9813 23
9814 22
9815 21
9816 22
9817 21
9818 22
9819 23
9820 24
9821 25
9822 26
9823 27
9824 28
9825 27
9826 28
9827 27
9828 28
9829 29
9830 30
9831 29
9832 28
9833 27
9834 26
9835 25
9836 26
9837 25
9838 24
9839 23
9840 24
9841 23
9842 22
9843 21
9844 20
9845 21
9846 20
9847 19
9848 18
9849 19
9850 20
9851 19
9852 18
9853 19
9854 18
9855 19
9856 20
9857 21
9858 20
9859 21
9860 22
9861 21
9862 20
9863 19
9864 18
9865 17
9866 18
9867 19
9868 18
9869 17
9870 18
9871 19
9872 20
9873 19
9874 18
9875 19
9876 18
9877 19
9878 18
9879 17
9880 16
9881 15
9882 16
9883 15
9884 16
9885 15
9886 14
9887 13
9888 14
9889 15
9890 14
9891 15
9892 14
9893 15
9894 14
9895 15
9896 14
9897 13
9898 12
9899 11
9900 12
9901 11
9902 10
9903 9
9904 8
9905 7
9906 6
9907 7
9908 8
9909 9
9910 10
9911 11
9912 10
9913 9
9914 10
9915 9
9916 8
9917 7
9918 6
9919 7
9920 8
9921 9
9922 8
9923 7
9924 8
9925 9
9926 10
9927 9
9928 8
9929 7
9930 8
9931 9
9932 8
9933 7
9934 8
9935 7
9936 8
9937 9
9938 10
9939 9
9940 10
9941 9
9942 8
9943 9
9944 10
9945 11
9946 10
9947 11
9948 12
9949 13
9950 12
9951 13
9952 14
9953 15
9954 14
9955 13
9956 14
9957 15
9958 14
9959 15
9960 14
9961 13
9962 12
9963 13
9964 14
9965 15
9966 16
9967 15
9968 14
9969 15
9970 16
9971 15
9972 14
9973 13
9974 14
9975 13
9976 14
9977 15
9978 14
9979 15
9980 16
9981 17
9982 18
9983 17
9984 18
9985 19
9986 18
9987 19
9988 20
9989 21
9990 20
9991 21
9992 22
9993 23
9994 22
9995 21
9996 22
9997 21
9998 20
9999 19
