0 0
1 -1
2 0
3 1
4 0
5 -1
6 -2
7 -3
8 -2
9 -3
10 -4
11 -5
12 -6
13 -5
14 -6
15 -7
16 -6
17 -5
18 -4
19 -3
20 -2
21 -1
22 0
23 -1
24 0
25 -1
26 -2
27 -1
28 0
29 -1
30 0
31 -1
32 0
33 -1
34 -2
35 -1
36 0
37 1
38 0
39 1
40 0
41 -1
42 -2
43 -3
44 -4
45 -3
46 -4
47 -3
48 -2
49 -3
50 -2
51 -1
52 0
53 1
54 0
55 -1
56 0
57 -1
58 -2
59 -3
60 -4
61 -5
62 -4
63 -3
64 -4
65 -3
66 -2
67 -1
68 -2
69 -3
70 -2
71 -1
72 -2
73 -3
74 -2
75 -1
76 -2
77 -3
78 -4
79 -3
80 -2
81 -1
82 -2
83 -1
84 0
85 1
86 2
87 3
88 4
89 3
90 2
91 3
92 2
93 3
94 4
95 3
96 4
97 3
98 2
99 1
100 2
101 1
102 0
103 -1
104 0
105 -1
106 0
107 1
108 0
109 1
110 2
111 3
112 4
113 3
114 2
115 1
116 2
117 1
118 2
119 1
120 2
121 3
122 2
123 1
124 0
125 1
126 2
127 3
128 4
129 5
130 4
131 5
132 4
133 5
134 6
135 5
136 6
137 5
138 6
139 7
140 8
141 9
142 10
143 9
144 10
145 11
146 10
147 11
148 12
149 11
150 10
151 11
152 12
153 11
154 12
155 11
156 10
157 9
158 10
159 9
160 8
161 9
162 10
163 11
164 12
165 11
166 10
167 11
168 10
169 9
170 8
171 9
172 8
173 7
174 6
175 5
176 4
177 3
178 2
179 1
180 0
181 1
182 2
183 3
184 4
185 3
186 4
187 5
188 6
189 5
190 6
191 7
192 8
193 9
194 8
195 9
196 8
197 7
198 8
199 7
200 6
201 7
202 8
203 7
204 8
205 7
206 6
207 5
208 6
209 7
210 6
211 5
212 4
213 5
214 6
215 5
216 4
217 3
218 2
219 1
220 0
221 -1
222 -2
223 -1
224 0
225 -1
226 -2
227 -1
228 -2
229 -1
230 -2
231 -1
232 -2
233 -3
234 -4
235 -3
236 -4
237 -5
238 -4
239 -5
240 -6
241 -5
242 -6
243 -5
244 -4
245 -3
246 -4
247 -5
248 -6
249 -7
250 -6
251 -7
252 -6
253 -7
254 -8
255 -9
256 -8
257 -9
258 -8
259 -9
260 -10
261 -11
262 -12
263 -13
264 -14
265 -15
266 -14
267 -15
268 -16
269 -15
270 -14
271 -13
272 -14
273 -13
274 -12
275 -13
276 -14
277 -15
278 -14
279 -13
280 -12
281 -13
282 -12
283 -13
284 -14
285 -15
286 -16
287 -15
288 -14
289 -15
290 -14
291 -13
292 -12
293 -13
294 -14
295 -15
296 -16
297 -17
298 -16
299 -15
300 -16
301 -17
302 -16
303 -17
304 -16
305 -15
306 -14
307 -15
308 -16
309 -17
310 -16
311 -17
312 -18
313 -17
314 -16
315 -15
316 -14
317 -15
318 -14
319 -15
320 -16
321 -15
322 -14
323 -15
324 -16
325 -17
326 -16
327 -17
328 -18
329 -19
330 -20
331 -19
332 -18
333 -19
334 -18
335 -19
336 -20
337 -21
338 -20
339 -19
340 -18
341 -19
342 -18
343 -19
344 -20
345 -19
346 -18
347 -17
348 -18
349 -19
350 -20
351 -19
352 -18
353 -19
354 -20
355 -21
356 -20
357 -21
358 -20
359 -21
360 -20
361 -21
362 -20
363 -19
364 -20
365 -19
366 -18
367 -19
368 -18
369 -17
370 -18
371 -17
372 -16
373 -17
374 -16
375 -15
376 -16
377 -15
378 -16
379 -17
380 -16
381 -15
382 -14
383 -15
384 -16
385 -17
386 -18
387 -17
388 -16
389 -15
390 -16
391 -15
392 -16
393 -17
394 -18
395 -17
396 -16
397 -17
398 -18
399 -19
400 -20
401 -19
402 -20
403 -19
404 -20
405 -21
406 -22
407 -23
408 -24
409 -25
410 -24
411 -25
412 -26
413 -25
414 -24
415 -25
416 -24
417 -25
418 -26
419 -25
420 -24
421 -23
422 -22
423 -21
424 -22
425 -21
426 -20
427 -21
428 -20
429 -19
430 -20
431 -19
432 -20
433 -21
434 -20
435 -19
436 -18
437 -17
438 -18
439 -19
440 -18
441 -19
442 -20
443 -19
444 -18
445 -19
446 -18
447 -19
448 -18
449 -17
450 -18
451 -17
452 -16
453 -17
454 -18
455 -19
456 -18
457 -19
458 -18
459 -17
460 -18
461 -19
462 -20
463 -19
464 -18
465 -19
466 -20
467 -19
468 -18
469 -19
470 -18
471 -19
472 -20
473 -21
474 -20
475 -21
476 -20
477 -21
478 -20
479 -19
480 -18
481 -17
482 -18
483 -17
484 -16
485 -15
486 -16
487 -17
488 -16
489 -15
490 -14
491 -13
492 -14
493 -13
494 -12
495 -11
496 -12
497 -13
498 -14
499 -13
500 -12
501 -11
502 -12
503 -11
504 -10
505 -9
506 -10
507 -9
508 -10
509 -9
510 -10
511 -11
512 -10
513 -11
514 -10
515 -11
516 -10
517 -11
518 -10
519 -11
520 -12
521 -13
522 -14
523 -13
524 -12
525 -13
526 -14
527 -15
528 -16
529 -15
530 -16
531 -15
532 -14
533 -15
534 -14
535 -13
536 -14
537 -13
538 -12
539 -11
540 -12
541 -11
542 -10
543 -9
544 -8
545 -9
546 -8
547 -7
548 -6
549 -5
550 -4
551 -3
552 -4
553 -5
554 -6
555 -7
556 -8
557 -7
558 -6
559 -7
560 -6
561 -7
562 -8
563 -9
564 -10
565 -9
566 -10
567 -9
568 -8
569 -9
570 -10
571 -11
572 -12
573 -11
574 -10
575 -11
576 -12
577 -11
578 -10
579 -9
580 -8
581 -7
582 -6
583 -5
584 -4
585 -3
586 -4
587 -5
588 -4
589 -5
590 -4
591 -3
592 -4
593 -5
594 -6
595 -5
596 -6
597 -7
598 -8
599 -7
600 -6
601 -5
602 -4
603 -5
604 -6
605 -5
606 -4
607 -3
608 -2
609 -3
610 -2
611 -3
612 -4
613 -3
614 -4
615 -3
616 -2
617 -3
618 -4
619 -3
620 -2
621 -1
622 -2
623 -3
624 -2
625 -1
626 -2
627 -3
628 -2
629 -1
630 0
631 1
632 0
633 -1
634 -2
635 -1
636 0
637 -1
638 0
639 -1
640 0
641 1
642 0
643 -1
644 -2
645 -3
646 -2
647 -3
648 -4
649 -5
650 -4
651 -3
652 -2
653 -3
654 -4
655 -3
656 -2
657 -1
658 0
659 -1
660 0
661 -1
662 -2
663 -3
664 -4
665 -3
666 -4
667 -3
668 -2
669 -3
670 -2
671 -1
672 -2
673 -3
674 -4
675 -5
676 -6
677 -7
678 -8
679 -9
680 -10
681 -11
682 -12
683 -11
684 -12
685 -11
686 -12
687 -11
688 -10
689 -11
690 -12
691 -13
692 -12
693 -11
694 -10
695 -9
696 -8
697 -9
698 -10
699 -9
700 -8
701 -9
702 -8
703 -7
704 -8
705 -7
706 -6
707 -7
708 -6
709 -7
710 -6
711 -7
712 -8
713 -7
714 -6
715 -5
716 -4
717 -3
718 -4
719 -3
720 -2
721 -3
722 -2
723 -3
724 -4
725 -5
726 -4
727 -5
728 -4
729 -5
730 -6
731 -5
732 -6
733 -5
734 -4
735 -3
736 -2
737 -1
738 0
739 1
740 0
741 -1
742 0
743 1
744 0
745 -1
746 -2
747 -3
748 -4
749 -3
750 -2
751 -3
752 -2
753 -3
754 -4
755 -3
756 -4
757 -3
758 -2
759 -3
760 -4
761 -3
762 -4
763 -5
764 -4
765 -3
766 -4
767 -5
768 -4
769 -3
770 -4
771 -5
772 -6
773 -7
774 -8
775 -9
776 -10
777 -9
778 -8
779 -7
780 -8
781 -9
782 -8
783 -7
784 -6
785 -5
786 -4
787 -5
788 -4
789 -3
790 -2
791 -1
792 0
793 -1
794 0
795 1
796 0
797 1
798 0
799 1
800 0
801 1
802 2
803 3
804 2
805 1
806 2
807 1
808 2
809 3
810 2
811 1
812 0
813 1
814 2
815 3
816 2
817 1
818 2
819 3
820 2
821 3
822 2
823 1
824 0
825 -1
826 -2
827 -3
828 -4
829 -3
830 -2
831 -3
832 -4
833 -5
834 -6
835 -5
836 -4
837 -3
838 -2
839 -1
840 0
841 1
842 0
843 -1
844 0
845 -1
846 -2
847 -3
848 -4
849 -5
850 -6
851 -5
852 -4
853 -5
854 -6
855 -7
856 -8
857 -9
858 -8
859 -9
860 -8
861 -9
862 -8
863 -7
864 -6
865 -5
866 -4
867 -5
868 -4
869 -5
870 -4
871 -5
872 -6
873 -7
874 -6
875 -5
876 -4
877 -3
878 -4
879 -5
880 -4
881 -5
882 -6
883 -5
884 -4
885 -3
886 -2
887 -1
888 0
889 -1
890 -2
891 -1
892 0
893 -1
894 -2
895 -1
896 -2
897 -1
898 -2
899 -1
900 -2
901 -3
902 -2
903 -3
904 -4
905 -5
906 -4
907 -3
908 -2
909 -1
910 0
911 -1
912 0
913 -1
914 -2
915 -3
916 -4
917 -3
918 -2
919 -3
920 -2
921 -3
922 -2
923 -3
924 -4
925 -5
926 -6
927 -5
928 -4
929 -5
930 -6
931 -7
932 -6
933 -5
934 -6
935 -7
936 -8
937 -9
938 -8
939 -7
940 -6
941 -7
942 -6
943 -7
944 -8
945 -7
946 -6
947 -7
948 -8
949 -7
950 -8
951 -9
952 -10
953 -11
954 -10
955 -9
956 -10
957 -11
958 -10
959 -11
960 -12
961 -13
962 -14
963 -13
964 -14
965 -13
966 -12
967 -13
968 -12
969 -11
970 -12
971 -11
972 -10
973 -11
974 -10
975 -11
976 -10
977 -9
978 -8
979 -9
980 -10
981 -11
982 -10
983 -9
984 -10
985 -9
986 -10
987 -11
988 -10
989 -11
990 -12
991 -13
992 -14
993 -15
994 -14
995 -15
996 -14
997 -13
998 -12
999 -11
1000 -10
1001 -11
1002 -10
1003 -9
1004 -10
1005 -9
1006 -10
1007 -11
1008 -10
1009 -9
1010 -8
1011 -7
1012 -8
1013 -7
1014 -8
1015 -7
1016 -8
1017 -7
1018 -8
1019 -7
1020 -6
1021 -7
1022 -6
1023 -7
1024 -8
1025 -7
1026 -6
1027 -7
1028 -8
1029 -9
1030 -8
1031 -9
1032 -10
1033 -11
1034 -12
1035 -11
1036 -10
1037 -9
1038 -10
1039 -11
1040 -10
1041 -9
1042 -10
1043 -11
1044 -10
1045 -11
1046 -12
1047 -13
1048 -12
1049 -11
1050 -12
1051 -11
1052 -12
1053 -11
1054 -12
1055 -11
1056 -12
1057 -13
1058 -12
1059 -11
1060 -10
1061 -9
1062 -10
1063 -9
1064 -10
1065 -11
1066 -12
1067 -13
1068 -12
1069 -11
1070 -10
1071 -9
1072 -8
1073 -7
1074 -6
1075 -5
1076 -4
1077 -3
1078 -2
1079 -1
1080 -2
1081 -1
1082 -2
1083 -1
1084 -2
1085 -1
1086 0
1087 -1
1088 -2
1089 -3
1090 -4
1091 -3
1092 -4
1093 -5
1094 -4
1095 -3
1096 -2
1097 -3
1098 -4
1099 -3
1100 -2
1101 -1
1102 -2
1103 -1
1104 -2
1105 -3
1106 -2
1107 -1
1108 -2
1109 -1
1110 0
1111 1
1112 0
1113 1
1114 0
1115 1
1116 2
1117 3
1118 4
1119 5
1120 4
1121 3
1122 4
1123 3
1124 2
1125 1
1126 0
1127 1
1128 0
1129 1
1130 2
1131 1
1132 0
1133 1
1134 0
1135 -1
1136 0
1137 -1
1138 0
1139 1
1140 0
1141 1
1142 0
1143 -1
1144 0
1145 1
1146 0
1147 -1
1148 -2
1149 -1
1150 -2
1151 -3
1152 -4
1153 -5
1154 -6
1155 -5
1156 -6
1157 -5
1158 -4
1159 -3
1160 -2
1161 -3
1162 -2
1163 -3
1164 -4
1165 -3
1166 -2
1167 -3
1168 -4
1169 -3
1170 -4
1171 -5
1172 -4
1173 -5
1174 -6
1175 -7
1176 -8
1177 -9
1178 -10
1179 -9
1180 -10
1181 -11
1182 -12
1183 -11
1184 -10
1185 -9
1186 -8
1187 -9
1188 -10
1189 -11
1190 -10
1191 -11
1192 -10
1193 -11
1194 -12
1195 -13
1196 -14
1197 -13
1198 -12
1199 -11
1200 -12
1201 -13
1202 -12
1203 -13
1204 -14
1205 -15
1206 -16
1207 -17
1208 -16
1209 -15
1210 -16
1211 -15
1212 -16
1213 -15
1214 -16
1215 -15
1216 -14
1217 -15
1218 -16
1219 -15
1220 -14
1221 -15
1222 -16
1223 -17
1224 -16
1225 -15
1226 -16
1227 -15
1228 -14
1229 -13
1230 -12
1231 -13
1232 -14
1233 -15
1234 -14
1235 -13
1236 -14
1237 -15
1238 -14
1239 -13
1240 -14
1241 -13
1242 -12
1243 -13
1244 -14
1245 -15
1246 -16
1247 -17
1248 -16
1249 -17
1250 -16
1251 -15
1252 -16
1253 -17
1254 -16
1255 -15
1256 -16
1257 -15
1258 -14
1259 -15
1260 -16
1261 -17
1262 -18
1263 -19
1264 -20
1265 -19
1266 -18
1267 -17
1268 -16
1269 -17
1270 -18
1271 -17
1272 -16
1273 -17
1274 -16
1275 -17
1276 -16
1277 -15
1278 -14
1279 -13
1280 -12
1281 -11
1282 -10
1283 -11
1284 -10
1285 -11
1286 -10
1287 -9
1288 -8
1289 -9
1290 -10
1291 -9
1292 -10
1293 -9
1294 -8
1295 -9
1296 -8
1297 -9
1298 -10
1299 -9
1300 -10
1301 -11
1302 -10
1303 -9
1304 -8
1305 -9
1306 -10
1307 -9
1308 -8
1309 -7
1310 -8
1311 -9
1312 -8
1313 -7
1314 -6
1315 -5
1316 -4
1317 -3
1318 -2
1319 -3
1320 -2
1321 -3
1322 -2
1323 -3
1324 -4
1325 -5
1326 -6
1327 -7
1328 -6
1329 -5
1330 -6
1331 -5
1332 -4
1333 -5
1334 -4
1335 -3
1336 -4
1337 -5
1338 -4
1339 -5
1340 -6
1341 -7
1342 -8
1343 -9
1344 -10
1345 -9
1346 -8
1347 -9
1348 -10
1349 -11
1350 -10
1351 -11
1352 -10
1353 -9
1354 -10
1355 -9
1356 -10
1357 -9
1358 -8
1359 -9
1360 -8
1361 -9
1362 -10
1363 -11
1364 -10
1365 -11
1366 -10
1367 -9
1368 -10
1369 -9
1370 -10
1371 -9
1372 -8
1373 -7
1374 -6
1375 -7
1376 -8
1377 -9
1378 -8
1379 -7
1380 -8
1381 -9
1382 -10
1383 -11
1384 -10
1385 -11
1386 -10
1387 -11
1388 -12
1389 -11
1390 -12
1391 -11
1392 -12
1393 -11
1394 -10
1395 -9
1396 -10
1397 -11
1398 -12
1399 -13
1400 -14
1401 -15
1402 -16
1403 -15
1404 -16
1405 -17
1406 -18
1407 -17
1408 -18
1409 -19
1410 -20
1411 -19
1412 -20
1413 -19
1414 -20
1415 -21
1416 -22
1417 -23
1418 -22
1419 -21
1420 -20
1421 -19
1422 -18
1423 -17
1424 -18
1425 -19
1426 -18
1427 -19
1428 -18
1429 -19
1430 -18
1431 -19
1432 -20
1433 -21
1434 -22
1435 -21
1436 -20
1437 -19
1438 -18
1439 -17
1440 -16
1441 -17
1442 -16
1443 -17
1444 -16
1445 -15
1446 -14
1447 -15
1448 -16
1449 -17
1450 -16
1451 -17
1452 -18
1453 -19
1454 -20
1455 -19
1456 -18
1457 -17
1458 -18
1459 -17
1460 -18
1461 -19
1462 -20
1463 -19
1464 -20
1465 -19
1466 -20
1467 -19
1468 -18
1469 -17
1470 -16
1471 -17
1472 -16
1473 -17
1474 -18
1475 -17
1476 -16
1477 -17
1478 -18
1479 -19
1480 -18
1481 -19
1482 -18
1483 -19
1484 -20
1485 -21
1486 -20
1487 -19
1488 -18
1489 -19
1490 -20
1491 -21
1492 -20
1493 -21
1494 -22
1495 -23
1496 -24
1497 -23
1498 -22
1499 -21
1500 -22
1501 -21
1502 -22
1503 -21
1504 -22
1505 -23
1506 -22
1507 -21
1508 -20
1509 -19
1510 -18
1511 -19
1512 -18
1513 -17
1514 -16
1515 -15
1516 -16
1517 -15
1518 -16
1519 -15
1520 -14
1521 -15
1522 -16
1523 -17
1524 -16
1525 -15
1526 -14
1527 -13
1528 -14
1529 -13
1530 -12
1531 -13
1532 -14
1533 -13
1534 -12
1535 -11
1536 -10
1537 -11
1538 -12
1539 -13
1540 -14
1541 -13
1542 -14
1543 -13
1544 -12
1545 -13
1546 -12
1547 -11
1548 -10
1549 -9
1550 -10
1551 -9
1552 -10
1553 -11
1554 -10
1555 -9
1556 -10
1557 -9
1558 -10
1559 -9
1560 -10
1561 -9
1562 -8
1563 -7
1564 -8
1565 -9
1566 -8
1567 -7
1568 -8
1569 -9
1570 -8
1571 -9
1572 -10
1573 -11
1574 -10
1575 -9
1576 -10
1577 -9
1578 -10
1579 -11
1580 -10
1581 -9
1582 -10
1583 -11
1584 -12
1585 -13
1586 -14
1587 -13
1588 -12
1589 -11
1590 -10
1591 -9
1592 -10
1593 -11
1594 -10
1595 -9
1596 -10
1597 -11
1598 -10
1599 -9
1600 -8
1601 -7
1602 -6
1603 -5
1604 -4
1605 -3
1606 -2
1607 -1
1608 0
1609 -1
1610 0
1611 -1
1612 0
1613 -1
1614 -2
1615 -1
1616 -2
1617 -1
1618 -2
1619 -3
1620 -4
1621 -5
1622 -6
1623 -5
1624 -6
1625 -5
1626 -4
1627 -5
1628 -6
1629 -5
1630 -4
1631 -3
1632 -2
1633 -3
1634 -4
1635 -5
1636 -6
1637 -7
1638 -8
1639 -7
1640 -6
1641 -7
1642 -8
1643 -9
1644 -8
1645 -7
1646 -6
1647 -5
1648 -6
1649 -5
1650 -4
1651 -5
1652 -4
1653 -5
1654 -4
1655 -3
1656 -4
1657 -5
1658 -4
1659 -5
1660 -6
1661 -5
1662 -4
1663 -5
1664 -6
1665 -7
1666 -6
1667 -7
1668 -8
1669 -9
1670 -10
1671 -9
1672 -10
1673 -9
1674 -10
1675 -11
1676 -10
1677 -9
1678 -10
1679 -9
1680 -10
1681 -11
1682 -10
1683 -11
1684 -12
1685 -13
1686 -12
1687 -11
1688 -10
1689 -9
1690 -10
1691 -9
1692 -10
1693 -11
1694 -12
1695 -13
1696 -14
1697 -13
1698 -12
1699 -11
1700 -10
1701 -9
1702 -10
1703 -11
1704 -10
1705 -11
1706 -10
1707 -11
1708 -12
1709 -11
1710 -12
1711 -11
1712 -12
1713 -11
1714 -10
1715 -9
1716 -8
1717 -9
1718 -8
1719 -7
1720 -6
1721 -5
1722 -4
1723 -3
1724 -4
1725 -5
1726 -6
1727 -5
1728 -6
1729 -7
1730 -6
1731 -7
1732 -6
1733 -7
1734 -6
1735 -5
1736 -4
1737 -3
1738 -4
1739 -3
1740 -2
1741 -3
1742 -4
1743 -3
1744 -2
1745 -3
1746 -4
1747 -3
1748 -4
1749 -3
1750 -4
1751 -3
1752 -4
1753 -5
1754 -6
1755 -7
1756 -6
1757 -7
1758 -6
1759 -7
1760 -8
1761 -9
1762 -8
1763 -7
1764 -6
1765 -7
1766 -8
1767 -7
1768 -6
1769 -5
1770 -6
1771 -7
1772 -8
1773 -9
1774 -10
1775 -11
1776 -10
1777 -11
1778 -10
1779 -9
1780 -10
1781 -11
1782 -10
1783 -9
1784 -8
1785 -9
1786 -8
1787 -9
1788 -8
1789 -7
1790 -6
1791 -7
1792 -8
1793 -7
1794 -8
1795 -9
1796 -8
1797 -9
1798 -8
1799 -7
1800 -6
1801 -7
1802 -6
1803 -5
1804 -4
1805 -5
1806 -4
1807 -5
1808 -4
1809 -3
1810 -2
1811 -3
1812 -4
1813 -3
1814 -4
1815 -5
1816 -6
1817 -5
1818 -6
1819 -5
1820 -6
1821 -5
1822 -6
1823 -7
1824 -8
1825 -9
1826 -8
1827 -9
1828 -10
1829 -9
1830 -8
1831 -7
1832 -6
1833 -5
1834 -6
1835 -7
1836 -8
1837 -9
1838 -10
1839 -11
1840 -10
1841 -9
1842 -10
1843 -9
1844 -10
1845 -9
1846 -10
1847 -9
1848 -10
1849 -9
1850 -10
1851 -9
1852 -8
1853 -7
1854 -6
1855 -5
1856 -6
1857 -5
1858 -6
1859 -5
1860 -6
1861 -7
1862 -6
1863 -5
1864 -4
1865 -5
1866 -6
1867 -7
1868 -6
1869 -5
1870 -6
1871 -7
1872 -8
1873 -9
1874 -8
1875 -9
1876 -10
1877 -11
1878 -10
1879 -9
1880 -8
1881 -9
1882 -10
1883 -11
1884 -10
1885 -9
1886 -8
1887 -7
1888 -8
1889 -9
1890 -8
1891 -9
1892 -10
1893 -9
1894 -8
1895 -9
1896 -10
1897 -11
1898 -12
1899 -11
1900 -12
1901 -11
1902 -12
1903 -11
1904 -12
1905 -13
1906 -14
1907 -13
1908 -14
1909 -15
1910 -16
1911 -15
1912 -14
1913 -15
1914 -14
1915 -15
1916 -14
1917 -13
1918 -14
1919 -13
1920 -12
1921 -11
1922 -12
1923 -11
1924 -12
1925 -11
1926 -12
1927 -11
1928 -12
1929 -11
1930 -12
1931 -11
1932 -10
1933 -11
1934 -10
1935 -9
1936 -8
1937 -9
1938 -10
1939 -9
1940 -8
1941 -7
1942 -8
1943 -7
1944 -8
1945 -9
1946 -8
1947 -9
1948 -8
1949 -9
1950 -8
1951 -9
1952 -8
1953 -9
1954 -10
1955 -9
1956 -8
1957 -7
1958 -8
1959 -7
1960 -6
1961 -5
1962 -6
1963 -7
1964 -6
1965 -5
1966 -6
1967 -7
1968 -6
1969 -7
1970 -6
1971 -5
1972 -6
1973 -5
1974 -4
1975 -5
1976 -6
1977 -7
1978 -8
1979 -7
1980 -6
1981 -5
1982 -4
1983 -3
1984 -2
1985 -1
1986 0
1987 -1
1988 -2
1989 -1
1990 -2
1991 -3
1992 -2
1993 -3
1994 -4
1995 -5
1996 -4
1997 -5
1998 -4
1999 -3
2000 -2
2001 -3
2002 -4
2003 -5
2004 -4
2005 -3
2006 -2
2007 -3
2008 -4
2009 -5
2010 -6
2011 -7
2012 -8
2013 -7
2014 -6
2015 -5
2016 -4
2017 -5
2018 -6
2019 -7
2020 -8
2021 -7
2022 -6
2023 -7
2024 -8
2025 -7
2026 -6
2027 -7
2028 -6
2029 -7
2030 -6
2031 -5
2032 -4
2033 -3
2034 -4
2035 -5
2036 -4
2037 -5
2038 -4
2039 -3
2040 -4
2041 -5
2042 -4
2043 -3
2044 -4
2045 -5
2046 -4
2047 -3
2048 -2
2049 -1
2050 0
2051 1
2052 2
2053 1
2054 0
2055 -1
2056 0
2057 -1
2058 0
2059 -1
2060 0
2061 1
2062 0
2063 -1
2064 -2
2065 -3
2066 -4
2067 -5
2068 -6
2069 -5
2070 -4
2071 -5
2072 -4
2073 -5
2074 -4
2075 -3
2076 -4
2077 -3
2078 -2
2079 -1
2080 0
2081 -1
2082 0
2083 1
2084 0
2085 1
2086 0
2087 -1
2088 -2
2089 -1
2090 0
2091 1
2092 2
2093 1
2094 2
2095 1
2096 2
2097 3
2098 2
2099 1
2100 2
2101 3
2102 2
2103 1
2104 2
2105 3
2106 2
2107 3
2108 4
2109 3
2110 4
2111 3
2112 4
2113 3
2114 2
2115 3
2116 2
2117 1
2118 2
2119 3
2120 4
2121 3
2122 4
2123 3
2124 2
2125 1
2126 2
2127 3
2128 4
2129 3
2130 2
2131 3
2132 2
2133 3
2134 2
2135 3
2136 4
2137 3
2138 4
2139 3
2140 2
2141 3
2142 4
2143 3
2144 2
2145 3
2146 2
2147 3
2148 2
2149 3
2150 4
2151 5
2152 6
2153 7
2154 8
2155 7
2156 6
2157 5
2158 4
2159 3
2160 4
2161 3
2162 4
2163 5
2164 6
2165 7
2166 6
2167 5
2168 6
2169 7
2170 8
2171 7
2172 6
2173 7
2174 8
2175 7
2176 8
2177 7
2178 8
2179 9
2180 10
2181 9
2182 10
2183 11
2184 12
2185 11
2186 12
2187 13
2188 12
2189 13
2190 12
2191 13
2192 14
2193 15
2194 16
2195 17
2196 16
2197 17
2198 18
2199 17
2200 16
2201 17
2202 18
2203 17
2204 16
2205 15
2206 16
2207 17
2208 18
2209 19
2210 18
2211 17
2212 16
2213 17
2214 18
2215 19
2216 18
2217 19
2218 20
2219 21
2220 20
2221 19
2222 20
2223 19
2224 18
2225 17
2226 18
2227 17
2228 18
2229 17
2230 18
2231 19
2232 18
2233 19
2234 20
2235 19
2236 18
2237 19
2238 18
2239 19
2240 18
2241 17
2242 16
2243 15
2244 14
2245 13
2246 12
2247 13
2248 14
2249 13
2250 12
2251 11
2252 10
2253 9
2254 8
2255 9
2256 10
2257 9
2258 10
2259 11
2260 10
2261 11
2262 12
2263 11
2264 10
2265 9
2266 8
2267 7
2268 8
2269 9
2270 8
2271 9
2272 8
2273 7
2274 8
2275 7
2276 8
2277 7
2278 8
2279 9
2280 8
2281 9
2282 10
2283 11
2284 10
2285 11
2286 10
2287 11
2288 12
2289 11
2290 12
2291 13
2292 12
2293 11
2294 10
2295 9
2296 8
2297 9
2298 10
2299 9
2300 8
2301 7
2302 8
2303 9
2304 8
2305 9
2306 10
2307 11
2308 10
2309 11
2310 10
2311 11
2312 10
2313 9
2314 8
2315 7
2316 8
2317 7
2318 6
2319 7
2320 6
2321 5
2322 4
2323 5
2324 6
2325 7
2326 8
2327 9
2328 10
2329 11
2330 12
2331 11
2332 12
2333 11
2334 10
2335 11
2336 12
2337 11
2338 10
2339 11
2340 12
2341 11
2342 12
2343 13
2344 12
2345 11
2346 10
2347 11
2348 12
2349 13
2350 14
2351 13
2352 14
2353 13
2354 14
2355 15
2356 16
2357 17
2358 18
2359 19
2360 20
2361 21
2362 20
2363 19
2364 20
2365 19
2366 18
2367 17
2368 18
2369 19
2370 20
2371 21
2372 22
2373 21
2374 20
2375 19
2376 18
2377 19
2378 18
2379 19
2380 18
2381 17
2382 16
2383 17
2384 18
2385 19
2386 20
2387 19
2388 20
2389 21
2390 20
2391 19
2392 18
2393 17
2394 18
2395 19
2396 18
2397 17
2398 16
2399 17
2400 18
2401 19
2402 20
2403 19
2404 18
2405 17
2406 18
2407 19
2408 20
2409 19
2410 20
2411 19
2412 20
2413 21
2414 20
2415 21
2416 20
2417 21
2418 20
2419 19
2420 18
2421 17
2422 16
2423 15
2424 16
2425 17
2426 16
2427 17
2428 18
2429 19
2430 18
2431 19
2432 20
2433 21
2434 22
2435 23
2436 22
2437 23
2438 22
2439 23
2440 24
2441 25
2442 26
2443 25
2444 26
2445 27
2446 26
2447 25
2448 26
2449 27
2450 26
2451 25
2452 26
2453 27
2454 28
2455 29
2456 30
2457 29
2458 30
2459 31
2460 32
2461 33
2462 32
2463 33
2464 34
2465 35
2466 34
2467 33
2468 32
2469 31
2470 32
2471 33
2472 34
2473 33
2474 34
2475 33
2476 32
2477 33
2478 32
2479 31
2480 30
2481 29
2482 30
2483 29
2484 30
2485 29
2486 30
2487 29
2488 28
2489 27
2490 26
2491 27
2492 28
2493 29
2494 28
2495 27
2496 28
2497 27
2498 26
2499 27
2500 26
2501 25
2502 26
2503 25
2504 26
2505 25
2506 24
2507 23
2508 22
2509 21
2510 20
2511 19
2512 20
2513 19
2514 20
2515 19
2516 18
2517 19
2518 18
2519 17
2520 18
2521 17
2522 18
2523 17
2524 16
2525 17
2526 18
2527 19
2528 20
2529 21
2530 20
2531 19
2532 20
2533 21
2534 20
2535 21
2536 20
2537 21
2538 20
2539 19
2540 20
2541 21
2542 22
2543 23
2544 24
2545 23
2546 22
2547 23
2548 22
2549 21
2550 22
2551 23
2552 24
2553 25
2554 24
2555 23
2556 22
2557 21
2558 22
2559 23
2560 24
2561 25
2562 24
2563 23
2564 22
2565 23
2566 22
2567 23
2568 22
2569 23
2570 24
2571 25
2572 26
2573 25
2574 24
2575 25
2576 24
2577 23
2578 24
2579 23
2580 22
2581 21
2582 20
2583 19
2584 20
2585 21
2586 20
2587 21
2588 22
2589 23
2590 24
2591 23
2592 22
2593 23
2594 24
2595 25
2596 26
2597 25
2598 24
2599 23
2600 24
2601 23
2602 22
2603 21
2604 22
2605 21
2606 20
2607 19
2608 18
2609 19
2610 18
2611 19
2612 20
2613 19
2614 18
2615 17
2616 18
2617 19
2618 20
2619 19
2620 20
2621 21
2622 22
2623 23
2624 22
2625 21
2626 22
2627 23
2628 22
2629 21
2630 22
2631 21
2632 22
2633 21
2634 20
2635 19
2636 20
2637 19
2638 18
2639 17
2640 18
2641 19
2642 18
2643 17
2644 18
2645 19
2646 20
2647 21
2648 22
2649 21
2650 22
2651 23
2652 22
2653 23
2654 24
2655 23
2656 24
2657 25
2658 26
2659 25
2660 24
2661 23
2662 22
2663 23
2664 24
2665 25
2666 24
2667 23
2668 22
2669 21
2670 22
2671 23
2672 22
2673 23
2674 24
2675 25
2676 26
2677 27
2678 26
2679 25
2680 26
2681 27
2682 28
2683 27
2684 28
2685 29
2686 28
2687 29
2688 28
2689 27
2690 28
2691 29
2692 28
2693 29
2694 28
2695 29
2696 30
2697 31
2698 32
2699 31
2700 30
2701 29
2702 28
2703 29
2704 28
2705 27
2706 26
2707 27
2708 26
2709 25
2710 26
2711 25
2712 26
2713 25
2714 26
2715 25
2716 24
2717 25
2718 24
2719 23
2720 22
2721 23
2722 24
2723 23
2724 22
2725 23
2726 24
2727 25
2728 24
2729 23
2730 24
2731 25
2732 26
2733 25
2734 26
2735 27
2736 28
2737 29
2738 28
2739 29
2740 30
2741 29
2742 30
2743 31
2744 30
2745 31
2746 32
2747 33
2748 32
2749 31
2750 30
2751 29
2752 30
2753 31
2754 30
2755 29
2756 30
2757 29
2758 28
2759 27
2760 28
2761 27
2762 26
2763 25
2764 24
2765 25
2766 24
2767 25
2768 26
2769 25
2770 24
2771 25
2772 24
2773 23
2774 24
2775 23
2776 22
2777 23
2778 24
2779 25
2780 26
2781 27
2782 28
2783 27
2784 26
2785 27
2786 26
2787 25
2788 26
2789 27
2790 28
2791 27
2792 28
2793 29
2794 30
2795 29
2796 28
2797 29
2798 28
2799 29
2800 28
2801 29
2802 30
2803 31
2804 32
2805 33
2806 32
2807 31
2808 30
2809 29
2810 30
2811 31
2812 30
2813 31
2814 32
2815 33
2816 34
2817 35
2818 34
2819 33
2820 32
2821 33
2822 34
2823 35
2824 36
2825 37
2826 36
2827 35
2828 36
2829 35
2830 36
2831 37
2832 36
2833 35
2834 34
2835 35
2836 34
2837 33
2838 32
2839 31
2840 32
2841 33
2842 34
2843 33
2844 34
2845 33
2846 34
2847 35
2848 36
2849 35
2850 34
2851 33
2852 34
2853 33
2854 34
2855 35
2856 36
2857 35
2858 34
2859 33
2860 32
2861 31
2862 32
2863 33
2864 32
2865 31
2866 32
2867 31
2868 32
2869 31
2870 30
2871 29
2872 28
2873 27
2874 28
2875 29
2876 28
2877 27
2878 28
2879 29
2880 30
2881 29
2882 30
2883 29
2884 28
2885 29
2886 28
2887 29
2888 28
2889 27
2890 26
2891 25
2892 24
2893 25
2894 24
2895 23
2896 22
2897 21
2898 20
2899 21
2900 20
2901 21
2902 20
2903 19
2904 20
2905 19
2906 18
2907 19
2908 20
2909 19
2910 18
2911 17
2912 18
2913 19
2914 18
2915 17
2916 18
2917 19
2918 20
2919 21
2920 22
2921 21
2922 20
2923 21
2924 20
2925 19
2926 20
2927 21
2928 20
2929 19
2930 20
2931 21
2932 20
2933 19
2934 18
2935 19
2936 20
2937 21
2938 20
2939 21
2940 22
2941 23
2942 22
2943 21
2944 20
2945 21
2946 22
2947 21
2948 20
2949 21
2950 22
2951 21
2952 22
2953 23
2954 22
2955 21
2956 20
2957 19
2958 18
2959 19
2960 20
2961 21
2962 22
2963 21
2964 22
2965 23
2966 22
2967 23
2968 24
2969 25
2970 24
2971 25
2972 26
2973 27
2974 26
2975 27
2976 26
2977 25
2978 24
2979 23
2980 24
2981 23
2982 22
2983 21
2984 22
2985 21
2986 22
2987 21
2988 22
2989 21
2990 22
2991 23
2992 22
2993 23
2994 24
2995 23
2996 24
2997 23
2998 22
2999 21
3000 20
3001 21
3002 22
3003 21
3004 22
3005 23
3006 22
3007 21
3008 22
3009 21
3010 20
3011 21
3012 20
3013 19
3014 18
3015 19
3016 20
3017 21
3018 20
3019 21
3020 22
3021 21
3022 20
3023 19
3024 18
3025 17
3026 18
3027 19
3028 20
3029 21
3030 22
3031 21
3032 20
3033 19
3034 20
3035 21
3036 22
3037 23
3038 22
3039 23
3040 22
3041 23
3042 22
3043 21
3044 22
3045 23
3046 22
3047 23
3048 24
3049 23
3050 24
3051 23
3052 22
3053 23
3054 24
3055 25
3056 24
3057 25
3058 26
3059 25
3060 24
3061 25
3062 26
3063 27
3064 28
3065 29
3066 30
3067 29
3068 28
3069 27
3070 26
3071 25
3072 26
3073 25
3074 24
3075 25
3076 26
3077 27
3078 28
3079 29
3080 30
3081 29
3082 30
3083 31
3084 30
3085 29
3086 28
3087 29
3088 28
3089 29
3090 30
3091 31
3092 30
3093 29
3094 28
3095 27
3096 26
3097 27
3098 26
3099 25
3100 26
3101 25
3102 24
3103 23
3104 24
3105 23
3106 24
3107 23
3108 22
3109 23
3110 22
3111 21
3112 20
3113 19
3114 20
3115 21
3116 20
3117 21
3118 20
3119 19
3120 18
3121 19
3122 18
3123 17
3124 18
3125 17
3126 18
3127 19
3128 18
3129 17
3130 18
3131 17
3132 16
3133 15
3134 14
3135 15
3136 14
3137 15
3138 16
3139 15
3140 14
3141 15
3142 16
3143 17
3144 18
3145 19
3146 18
3147 19
3148 18
3149 17
3150 16
3151 17
3152 18
3153 17
3154 18
3155 19
3156 20
3157 21
3158 22
3159 21
3160 20
3161 21
3162 20
3163 21
3164 20
3165 19
3166 18
3167 17
3168 18
3169 17
3170 18
3171 17
3172 18
3173 17
3174 18
3175 19
3176 18
3177 17
3178 16
3179 17
3180 18
3181 17
3182 18
3183 17
3184 16
3185 15
3186 14
3187 13
3188 12
3189 13
3190 14
3191 13
3192 12
3193 13
3194 14
3195 15
3196 14
3197 13
3198 14
3199 13
3200 14
3201 15
3202 14
3203 15
3204 14
3205 15
3206 14
3207 15
3208 16
3209 15
3210 14
3211 15
3212 14
3213 15
3214 14
3215 15
3216 14
3217 13
3218 12
3219 11
3220 12
3221 13
3222 12
3223 13
3224 14
3225 13
3226 12
3227 13
3228 14
3229 13
3230 14
3231 13
3232 12
3233 11
3234 12
3235 11
3236 10
3237 9
3238 10
3239 9
3240 10
3241 11
3242 12
3243 13
3244 14
3245 13
3246 12
3247 11
3248 12
3249 13
3250 12
3251 11
3252 10
3253 11
3254 12
3255 11
3256 10
3257 9
3258 10
3259 9
3260 8
3261 7
3262 8
3263 9
3264 8
3265 7
3266 6
3267 7
3268 6
3269 7
3270 8
3271 9
3272 10
3273 11
3274 12
3275 13
3276 12
3277 11
3278 10
3279 11
3280 10
3281 11
3282 12
3283 13
3284 14
3285 15
3286 14
3287 13
3288 12
3289 13
3290 14
3291 13
3292 12
3293 11
3294 10
3295 9
3296 8
3297 7
3298 6
3299 7
3300 8
3301 7
3302 8
3303 7
3304 8
3305 7
3306 6
3307 7
3308 8
3309 9
3310 10
3311 9
3312 8
3313 7
3314 6
3315 7
3316 6
3317 7
3318 6
3319 7
3320 6
3321 5
3322 4
3323 3
3324 4
3325 3
3326 2
3327 3
3328 2
3329 3
3330 2
3331 1
3332 2
3333 1
3334 0
3335 -1
3336 0
3337 -1
3338 0
3339 1
3340 2
3341 3
3342 4
3343 5
3344 6
3345 5
3346 6
3347 5
3348 4
3349 3
3350 4
3351 3
3352 4
3353 3
3354 2
3355 3
3356 4
3357 3
3358 4
3359 3
3360 4
3361 5
3362 4
3363 5
3364 4
3365 5
3366 4
3367 5
3368 4
3369 3
3370 4
3371 5
3372 6
3373 5
3374 4
3375 3
3376 4
3377 3
3378 2
3379 1
3380 2
3381 3
3382 4
3383 3
3384 4
3385 5
3386 4
3387 5
3388 4
3389 3
3390 2
3391 3
3392 2
3393 1
3394 2
3395 3
3396 2
3397 1
3398 0
3399 -1
3400 0
3401 -1
3402 0
3403 -1
3404 -2
3405 -1
3406 0
3407 1
3408 2
3409 1
3410 2
3411 3
3412 2
3413 1
3414 0
3415 1
3416 2
3417 3
3418 4
3419 3
3420 4
3421 3
3422 4
3423 3
3424 2
3425 1
3426 2
3427 1
3428 0
3429 1
3430 2
3431 3
3432 4
3433 5
3434 4
3435 3
3436 2
3437 3
3438 4
3439 3
3440 2
3441 1
3442 0
3443 1
3444 0
3445 -1
3446 0
3447 -1
3448 -2
3449 -3
3450 -2
3451 -1
3452 -2
3453 -3
3454 -4
3455 -3
3456 -4
3457 -5
3458 -4
3459 -5
3460 -4
3461 -5
3462 -6
3463 -5
3464 -6
3465 -7
3466 -8
3467 -9
3468 -8
3469 -7
3470 -6
3471 -5
3472 -6
3473 -5
3474 -6
3475 -7
3476 -8
3477 -9
3478 -8
3479 -7
3480 -8
3481 -9
3482 -10
3483 -9
3484 -10
3485 -9
3486 -8
3487 -9
3488 -10
3489 -11
3490 -12
3491 -13
3492 -12
3493 -11
3494 -12
3495 -11
3496 -12
3497 -11
3498 -12
3499 -11
3500 -10
3501 -9
3502 -10
3503 -9
3504 -10
3505 -11
3506 -12
3507 -11
3508 -12
3509 -13
3510 -12
3511 -13
3512 -12
3513 -13
3514 -14
3515 -13
3516 -14
3517 -13
3518 -14
3519 -15
3520 -16
3521 -17
3522 -18
3523 -17
3524 -18
3525 -17
3526 -18
3527 -19
3528 -18
3529 -17
3530 -16
3531 -15
3532 -16
3533 -17
3534 -16
3535 -15
3536 -16
3537 -15
3538 -16
3539 -17
3540 -16
3541 -17
3542 -16
3543 -17
3544 -16
3545 -15
3546 -16
3547 -17
3548 -16
3549 -15
3550 -14
3551 -13
3552 -12
3553 -11
3554 -12
3555 -11
3556 -10
3557 -11
3558 -12
3559 -13
3560 -12
3561 -13
3562 -14
3563 -13
3564 -12
3565 -11
3566 -12
3567 -13
3568 -14
3569 -13
3570 -12
3571 -13
3572 -12
3573 -13
3574 -12
3575 -13
3576 -14
3577 -15
3578 -14
3579 -13
3580 -12
3581 -11
3582 -10
3583 -9
3584 -8
3585 -9
3586 -10
3587 -9
3588 -10
3589 -11
3590 -12
3591 -11
3592 -10
3593 -9
3594 -8
3595 -7
3596 -8
3597 -7
3598 -6
3599 -5
3600 -6
3601 -5
3602 -4
3603 -5
3604 -4
3605 -3
3606 -4
3607 -5
3608 -4
3609 -5
3610 -4
3611 -3
3612 -2
3613 -1
3614 0
3615 -1
3616 -2
3617 -1
3618 -2
3619 -3
3620 -4
3621 -3
3622 -2
3623 -3
3624 -4
3625 -3
3626 -4
3627 -5
3628 -4
3629 -3
3630 -2
3631 -1
3632 -2
3633 -1
3634 0
3635 -1
3636 -2
3637 -1
3638 0
3639 -1
3640 0
3641 1
3642 0
3643 -1
3644 -2
3645 -3
3646 -2
3647 -1
3648 -2
3649 -3
3650 -2
3651 -3
3652 -4
3653 -5
3654 -6
3655 -7
3656 -6
3657 -5
3658 -6
3659 -7
3660 -8
3661 -7
3662 -8
3663 -7
3664 -6
3665 -7
3666 -8
3667 -9
3668 -8
3669 -7
3670 -8
3671 -9
3672 -10
3673 -9
3674 -8
3675 -9
3676 -8
3677 -7
3678 -6
3679 -5
3680 -6
3681 -5
3682 -6
3683 -7
3684 -8
3685 -9
3686 -10
3687 -11
3688 -10
3689 -11
3690 -10
3691 -9
3692 -8
3693 -7
3694 -6
3695 -7
3696 -6
3697 -7
3698 -6
3699 -7
3700 -6
3701 -7
3702 -6
3703 -5
3704 -6
3705 -7
3706 -6
3707 -5
3708 -6
3709 -5
3710 -4
3711 -3
3712 -4
3713 -5
3714 -6
3715 -7
3716 -8
3717 -7
3718 -6
3719 -7
3720 -6
3721 -7
3722 -6
3723 -5
3724 -4
3725 -3
3726 -4
3727 -3
3728 -2
3729 -3
3730 -4
3731 -5
3732 -4
3733 -3
3734 -2
3735 -3
3736 -2
3737 -3
3738 -4
3739 -3
3740 -2
3741 -1
3742 0
3743 -1
3744 -2
3745 -3
3746 -2
3747 -3
3748 -4
3749 -5
3750 -4
3751 -3
3752 -4
3753 -5
3754 -6
3755 -5
3756 -6
3757 -7
3758 -6
3759 -5
3760 -4
3761 -3
3762 -2
3763 -1
3764 -2
3765 -3
3766 -4
3767 -5
3768 -4
3769 -3
3770 -2
3771 -1
3772 0
3773 -1
3774 0
3775 1
3776 2
3777 1
3778 0
3779 -1
3780 0
3781 1
3782 0
3783 1
3784 2
3785 1
3786 2
3787 3
3788 2
3789 1
3790 0
3791 1
3792 0
3793 -1
3794 -2
3795 -1
3796 -2
3797 -3
3798 -2
3799 -1
3800 -2
3801 -3
3802 -2
3803 -3
3804 -2
3805 -3
3806 -2
3807 -1
3808 -2
3809 -1
3810 -2
3811 -3
3812 -4
3813 -3
3814 -2
3815 -3
3816 -4
3817 -3
3818 -2
3819 -1
3820 -2
3821 -3
3822 -4
3823 -3
3824 -2
3825 -1
3826 0
3827 -1
3828 -2
3829 -3
3830 -2
3831 -1
3832 -2
3833 -1
3834 -2
3835 -3
3836 -2
3837 -1
3838 0
3839 1
3840 0
3841 -1
3842 0
3843 -1
3844 -2
3845 -3
3846 -2
3847 -1
3848 -2
3849 -1
3850 0
3851 1
3852 0
3853 -1
3854 0
3855 1
3856 0
3857 1
3858 0
3859 1
3860 0
3861 1
3862 0
3863 -1
3864 -2
3865 -1
3866 0
3867 -1
3868 0
3869 -1
3870 -2
3871 -1
3872 -2
3873 -3
3874 -2
3875 -1
3876 0
3877 -1
3878 0
3879 -1
3880 -2
3881 -3
3882 -4
3883 -5
3884 -4
3885 -3
3886 -4
3887 -3
3888 -4
3889 -5
3890 -6
3891 -5
3892 -6
3893 -5
3894 -6
3895 -5
3896 -4
3897 -5
3898 -6
3899 -7
3900 -6
3901 -5
3902 -4
3903 -5
3904 -4
3905 -3
3906 -2
3907 -1
3908 0
3909 1
3910 0
3911 1
3912 2
3913 1
3914 0
3915 -1
3916 -2
3917 -1
3918 -2
3919 -3
3920 -4
3921 -3
3922 -4
3923 -3
3924 -4
3925 -5
3926 -4
3927 -3
3928 -4
3929 -5
3930 -6
3931 -5
3932 -4
3933 -5
3934 -4
3935 -5
3936 -4
3937 -3
3938 -2
3939 -3
3940 -4
3941 -3
3942 -2
3943 -1
3944 -2
3945 -3
3946 -2
3947 -3
3948 -2
3949 -3
3950 -4
3951 -5
3952 -4
3953 -5
3954 -4
3955 -5
3956 -4
3957 -3
3958 -2
3959 -1
3960 0
3961 -1
3962 -2
3963 -1
3964 -2
3965 -1
3966 0
3967 1
3968 2
3969 3
3970 4
3971 5
3972 4
3973 5
3974 4
3975 5
3976 4
3977 5
3978 6
3979 5
3980 6
3981 7
3982 6
3983 7
3984 8
3985 9
3986 10
3987 11
3988 12
3989 11
3990 10
3991 9
3992 8
3993 7
3994 8
3995 7
3996 8
3997 7
3998 6
3999 5
4000 6
4001 7
4002 6
4003 7
4004 8
4005 9
4006 8
4007 7
4008 6
4009 5
4010 6
4011 7
4012 8
4013 7
4014 8
4015 7
4016 8
4017 7
4018 8
4019 9
4020 8
4021 9
4022 8
4023 7
4024 8
4025 9
4026 8
4027 9
4028 10
4029 11
4030 12
4031 13
4032 14
4033 15
4034 16
4035 17
4036 16
4037 17
4038 16
4039 17
4040 16
4041 17
4042 18
4043 19
4044 18
4045 17
4046 16
4047 17
4048 16
4049 15
4050 14
4051 13
4052 14
4053 15
4054 16
4055 15
4056 16
4057 17
4058 16
4059 15
4060 14
4061 15
4062 16
4063 17
4064 16
4065 15
4066 16
4067 17
4068 18
4069 19
4070 18
4071 19
4072 20
4073 19
4074 18
4075 17
4076 16
4077 17
4078 16
4079 15
4080 16
4081 17
4082 16
4083 15
4084 16
4085 17
4086 18
4087 17
4088 16
4089 15
4090 14
4091 13
4092 14
4093 15
4094 14
4095 13
4096 14
4097 15
4098 16
4099 15
4100 16
4101 15
4102 16
4103 15
4104 14
4105 15
4106 16
4107 17
4108 18
4109 17
4110 16
4111 17
4112 18
4113 17
4114 16
4115 15
4116 16
4117 15
4118 14
4119 13
4120 14
4121 15
4122 16
4123 17
4124 18
4125 17
4126 16
4127 15
4128 14
4129 13
4130 12
4131 11
4132 12
4133 13
4134 14
4135 15
4136 16
4137 17
4138 16
4139 15
4140 14
4141 13
4142 14
4143 13
4144 14
4145 15
4146 16
4147 17
4148 16
4149 15
4150 16
4151 15
4152 16
4153 15
4154 16
4155 17
4156 18
4157 19
4158 18
4159 19
4160 20
4161 21
4162 20
4163 21
4164 20
4165 21
4166 20
4167 19
4168 20
4169 21
4170 22
4171 21
4172 22
4173 23
4174 22
4175 21
4176 22
4177 23
4178 22
4179 23
4180 22
4181 23
4182 24
4183 23
4184 22
4185 23
4186 24
4187 23
4188 22
4189 23
4190 22
4191 23
4192 22
4193 21
4194 22
4195 23
4196 24
4197 25
4198 26
4199 27
4200 28
4201 27
4202 26
4203 27
4204 28
4205 29
4206 28
4207 29
4208 30
4209 31
4210 32
4211 31
4212 30
4213 31
4214 30
4215 29
4216 28
4217 27
4218 26
4219 25
4220 26
4221 27
4222 26
4223 25
4224 24
4225 25
4226 26
4227 25
4228 26
4229 27
4230 26
4231 27
4232 26
4233 27
4234 26
4235 27
4236 28
4237 29
4238 28
4239 29
4240 28
4241 29
4242 28
4243 29
4244 30
4245 31
4246 32
4247 31
4248 30
4249 31
4250 32
4251 31
4252 30
4253 31
4254 30
4255 31
4256 32
4257 33
4258 34
4259 35
4260 36
4261 37
4262 36
4263 37
4264 38
4265 37
4266 36
4267 35
4268 34
4269 33
4270 34
4271 35
4272 34
4273 35
4274 36
4275 37
4276 36
4277 37
4278 36
4279 35
4280 34
4281 33
4282 34
4283 35
4284 34
4285 35
4286 34
4287 35
4288 34
4289 33
4290 34
4291 33
4292 32
4293 31
4294 30
4295 31
4296 32
4297 31
4298 32
4299 33
4300 34
4301 35
4302 34
4303 35
4304 36
4305 35
4306 34
4307 35
4308 34
4309 33
4310 34
4311 35
4312 36
4313 35
4314 36
4315 35
4316 36
4317 35
4318 34
4319 35
4320 34
4321 33
4322 32
4323 31
4324 32
4325 33
4326 34
4327 33
4328 34
4329 33
4330 34
4331 33
4332 32
4333 33
4334 34
4335 33
4336 32
4337 31
4338 32
4339 31
4340 30
4341 29
4342 28
4343 29
4344 28
4345 27
4346 28
4347 27
4348 26
4349 27
4350 26
4351 27
4352 28
4353 27
4354 28
4355 29
4356 28
4357 29
4358 30
4359 29
4360 28
4361 27
4362 26
4363 25
4364 24
4365 25
4366 26
4367 27
4368 26
4369 25
4370 26
4371 25
4372 24
4373 23
4374 22
4375 23
4376 22
4377 23
4378 24
4379 25
4380 24
4381 23
4382 24
4383 25
4384 24
4385 25
4386 24
4387 23
4388 24
4389 23
4390 24
4391 25
4392 26
4393 25
4394 26
4395 27
4396 28
4397 29
4398 30
4399 29
4400 30
4401 31
4402 32
4403 33
4404 34
4405 33
4406 34
4407 33
4408 34
4409 33
4410 32
4411 33
4412 34
4413 33
4414 34
4415 33
4416 32
4417 33
4418 34
4419 33
4420 34
4421 35
4422 34
4423 33
4424 34
4425 33
4426 32
4427 31
4428 32
4429 33
4430 32
4431 33
4432 32
4433 33
4434 34
4435 33
4436 34
4437 33
4438 32
4439 31
4440 30
4441 31
4442 30
4443 29
4444 30
4445 31
4446 30
4447 29
4448 28
4449 27
4450 28
4451 27
4452 28
4453 29
4454 30
4455 31
4456 30
4457 29
4458 30
4459 31
4460 30
4461 31
4462 30
4463 29
4464 28
4465 27
4466 28
4467 29
4468 28
4469 29
4470 30
4471 29
4472 28
4473 29
4474 28
4475 27
4476 28
4477 27
4478 28
4479 29
4480 30
4481 29
4482 30
4483 29
4484 28
4485 27
4486 28
4487 29
4488 28
4489 27
4490 28
4491 29
4492 28
4493 27
4494 26
4495 25
4496 24
4497 23
4498 22
4499 21
4500 20
4501 21
4502 22
4503 21
4504 22
4505 21
4506 20
4507 19
4508 20
4509 19
4510 18
4511 19
4512 20
4513 21
4514 22
4515 23
4516 24
4517 23
4518 22
4519 23
4520 24
4521 23
4522 22
4523 23
4524 22
4525 23
4526 24
4527 25
4528 24
4529 25
4530 24
4531 23
4532 24
4533 23
4534 22
4535 23
4536 22
4537 21
4538 20
4539 21
4540 20
4541 19
4542 20
4543 21
4544 22
4545 23
4546 24
4547 23
4548 24
4549 25
4550 24
4551 23
4552 24
4553 25
4554 26
4555 25
4556 24
4557 25
4558 24
4559 25
4560 26
4561 25
4562 24
4563 23
4564 24
4565 25
4566 26
4567 27
4568 28
4569 27
4570 28
4571 27
4572 26
4573 25
4574 24
4575 25
4576 26
4577 27
4578 28
4579 27
4580 28
4581 27
4582 28
4583 29
4584 28
4585 27
4586 28
4587 29
4588 28
4589 29
4590 30
4591 31
4592 30
4593 29
4594 28
4595 29
4596 28
4597 27
4598 26
4599 25
4600 24
4601 25
4602 24
4603 25
4604 24
4605 25
4606 26
4607 25
4608 26
4609 27
4610 26
4611 25
4612 26
4613 27
4614 26
4615 27
4616 26
4617 27
4618 28
4619 27
4620 28
4621 27
4622 26
4623 25
4624 24
4625 25
4626 24
4627 25
4628 26
4629 27
4630 26
4631 25
4632 24
4633 25
4634 26
4635 25
4636 26
4637 25
4638 24
4639 23
4640 22
4641 23
4642 22
4643 23
4644 24
4645 23
4646 24
4647 25
4648 26
4649 25
4650 24
4651 23
4652 24
4653 25
4654 24
4655 23
4656 22
4657 23
4658 24
4659 23
4660 24
4661 25
4662 26
4663 27
4664 26
4665 25
4666 26
4667 27
4668 28
4669 27
4670 26
4671 25
4672 26
4673 27
4674 28
4675 27
4676 26
4677 27
4678 26
4679 25
4680 26
4681 27
4682 26
4683 27
4684 28
4685 27
4686 26
4687 27
4688 26
4689 25
4690 26
4691 25
4692 26
4693 25
4694 24
4695 23
4696 22
4697 21
4698 20
4699 21
4700 22
4701 23
4702 22
4703 21
4704 20
4705 21
4706 22
4707 23
4708 22
4709 23
4710 24
4711 25
4712 26
4713 25
4714 24
4715 23
4716 24
4717 23
4718 22
4719 21
4720 22
4721 23
4722 22
4723 23
4724 24
4725 25
4726 26
4727 25
4728 26
4729 25
4730 26
4731 25
4732 24
4733 25
4734 26
4735 25
4736 24
4737 25
4738 24
4739 25
4740 26
4741 25
4742 24
4743 23
4744 22
4745 23
4746 24
4747 25
4748 26
4749 27
4750 26
4751 27
4752 28
4753 27
4754 26
4755 25
4756 26
4757 27
4758 26
4759 27
4760 28
4761 29
4762 28
4763 27
4764 26
4765 27
4766 26
4767 25
4768 24
4769 23
4770 22
4771 23
4772 22
4773 23
4774 22
4775 23
4776 24
4777 25
4778 24
4779 23
4780 24
4781 23
4782 24
4783 25
4784 24
4785 25
4786 24
4787 25
4788 26
4789 27
4790 28
4791 27
4792 26
4793 25
4794 24
4795 23
4796 22
4797 23
4798 22
4799 23
4800 24
4801 25
4802 24
4803 25
4804 24
4805 23
4806 22
4807 21
4808 20
4809 21
4810 20
4811 21
4812 22
4813 21
4814 22
4815 23
4816 24
4817 23
4818 24
4819 25
4820 26
4821 27
4822 26
4823 25
4824 26
4825 25
4826 24
4827 23
4828 22
4829 23
4830 22
4831 23
4832 22
4833 21
4834 22
4835 23
4836 24
4837 25
4838 24
4839 25
4840 26
4841 27
4842 28
4843 29
4844 28
4845 27
4846 28
4847 29
4848 30
4849 29
4850 28
4851 27
4852 26
4853 27
4854 28
4855 27
4856 28
4857 27
4858 26
4859 25
4860 24
4861 25
4862 24
4863 25
4864 24
4865 25
4866 24
4867 23
4868 24
4869 25
4870 26
4871 25
4872 24
4873 25
4874 26
4875 25
4876 24
4877 23
4878 22
4879 21
4880 20
4881 21
4882 22
4883 21
4884 20
4885 21
4886 20
4887 19
4888 20
4889 19
4890 18
4891 17
4892 18
4893 19
4894 20
4895 19
4896 18
4897 17
4898 18
4899 19
4900 18
4901 17
4902 18
4903 19
4904 20
4905 19
4906 18
4907 19
4908 18
4909 19
4910 20
4911 19
4912 18
4913 19
4914 20
4915 21
4916 20
4917 21
4918 20
4919 19
4920 18
4921 17
4922 16
4923 17
4924 16
4925 17
4926 16
4927 15
4928 14
4929 15
4930 16
4931 17
4932 16
4933 15
4934 14
4935 15
4936 14
4937 15
4938 14
4939 13
4940 14
4941 13
4942 14
4943 15
4944 16
4945 15
4946 14
4947 13
4948 12
4949 13
4950 12
4951 11
4952 10
4953 11
4954 10
4955 9
4956 10
4957 11
4958 10
4959 9
4960 10
4961 9
4962 10
4963 11
4964 10
4965 9
4966 10
4967 9
4968 8
4969 7
4970 6
4971 5
4972 4
4973 5
4974 4
4975 5
4976 4
4977 5
4978 4
4979 3
4980 4
4981 3
4982 4
4983 5
4984 4
4985 3
4986 2
4987 3
4988 2
4989 1
4990 2
4991 3
4992 4
4993 3
4994 4
4995 3
4996 2
4997 3
4998 4
4999 5
5000 6
5001 5
5002 6
5003 7
5004 6
5005 7
5006 6
5007 5
5008 6
5009 7
5010 6
5011 7
5012 6
5013 7
5014 6
5015 5
5016 4
5017 3
5018 4
5019 3
5020 4
5021 5
5022 6
5023 5
5024 6
5025 5
5026 6
5027 5
5028 6
5029 5
5030 6
5031 7
5032 6
5033 5
5034 6
5035 7
5036 8
5037 9
5038 10
5039 11
5040 12
5041 11
5042 12
5043 13
5044 14
5045 15
5046 16
5047 15
5048 16
5049 17
5050 18
5051 19
5052 20
5053 21
5054 22
5055 23
5056 24
5057 25
5058 26
5059 27
5060 26
5061 25
5062 24
5063 23
5064 24
5065 25
5066 24
5067 23
5068 24
5069 23
5070 22
5071 23
5072 24
5073 25
5074 24
5075 23
5076 22
5077 23
5078 22
5079 21
5080 20
5081 19
5082 18
5083 19
5084 18
5085 17
5086 18
5087 17
5088 18
5089 19
5090 18
5091 19
5092 18
5093 19
5094 18
5095 19
5096 18
5097 19
5098 20
5099 21
5100 20
5101 21
5102 22
5103 21
5104 20
5105 21
5106 20
5107 21
5108 22
5109 21
5110 20
5111 21
5112 20
5113 21
5114 22
5115 23
5116 24
5117 25
5118 24
5119 25
5120 26
5121 27
5122 26
5123 25
5124 26
5125 27
5126 26
5127 27
5128 26
5129 27
5130 28
5131 27
5132 28
5133 27
5134 26
5135 25
5136 24
5137 25
5138 26
5139 27
5140 28
5141 27
5142 28
5143 27
5144 26
5145 27
5146 26
5147 25
5148 24
5149 25
5150 24
5151 25
5152 26
5153 27
5154 26
5155 27
5156 28
5157 27
5158 28
5159 29
5160 28
5161 29
5162 30
5163 31
5164 30
5165 29
5166 28
5167 29
5168 28
5169 29
5170 30
5171 31
5172 32
5173 31
5174 30
5175 31
5176 30
5177 29
5178 28
5179 29
5180 30
5181 29
5182 30
5183 31
5184 32
5185 33
5186 34
5187 35
5188 34
5189 33
5190 34
5191 35
5192 36
5193 35
5194 34
5195 35
5196 36
5197 37
5198 36
5199 35
5200 36
5201 37
5202 36
5203 35
5204 36
5205 35
5206 36
5207 35
5208 34
5209 35
5210 34
5211 33
5212 34
5213 33
5214 32
5215 31
5216 32
5217 31
5218 32
5219 31
5220 32
5221 33
5222 32
5223 33
5224 34
5225 35
5226 36
5227 37
5228 38
5229 39
5230 38
5231 37
5232 38
5233 39
5234 38
5235 37
5236 38
5237 37
5238 38
5239 37
5240 38
5241 37
5242 38
5243 39
5244 40
5245 39
5246 40
5247 41
5248 40
5249 39
5250 40
5251 39
5252 40
5253 41
5254 40
5255 41
5256 40
5257 41
5258 42
5259 41
5260 40
5261 41
5262 40
5263 41
5264 42
5265 43
5266 44
5267 45
5268 46
5269 47
5270 46
5271 47
5272 46
5273 47
5274 46
5275 45
5276 44
5277 43
5278 42
5279 43
5280 44
5281 43
5282 42
5283 41
5284 42
5285 41
5286 40
5287 39
5288 40
5289 39
5290 40
5291 39
5292 40
5293 39
5294 38
5295 39
5296 40
5297 41
5298 40
5299 39
5300 40
5301 39
5302 40
5303 39
5304 40
5305 39
5306 38
5307 37
5308 36
5309 35
5310 34
5311 35
5312 34
5313 33
5314 34
5315 33
5316 34
5317 33
5318 32
5319 33
5320 32
5321 31
5322 32
5323 31
5324 30
5325 29
5326 30
5327 31
5328 30
5329 31
5330 30
5331 31
5332 32
5333 33
5334 34
5335 35
5336 36
5337 35
5338 34
5339 35
5340 36
5341 35
5342 34
5343 35
5344 36
5345 37
5346 36
5347 35
5348 36
5349 37
5350 38
5351 37
5352 38
5353 39
5354 40
5355 39
5356 40
5357 39
5358 40
5359 39
5360 38
5361 37
5362 36
5363 35
5364 36
5365 37
5366 38
5367 37
5368 38
5369 39
5370 38
5371 39
5372 38
5373 37
5374 36
5375 37
5376 36
5377 35
5378 34
5379 33
5380 32
5381 33
5382 32
5383 33
5384 34
5385 33
5386 34
5387 35
5388 34
5389 35
5390 36
5391 37
5392 36
5393 37
5394 38
5395 39
5396 40
5397 39
5398 40
5399 41
5400 40
5401 39
5402 40
5403 41
5404 40
5405 39
5406 38
5407 39
5408 38
5409 39
5410 38
5411 39
5412 38
5413 37
5414 38
5415 39
5416 40
5417 41
5418 42
5419 43
5420 44
5421 43
5422 44
5423 43
5424 42
5425 43
5426 44
5427 43
5428 42
5429 41
5430 42
5431 43
5432 44
5433 43
5434 42
5435 41
5436 40
5437 41
5438 42
5439 43
5440 44
5441 45
5442 44
5443 43
5444 42
5445 43
5446 44
5447 43
5448 44
5449 43
5450 44
5451 45
5452 44
5453 43
5454 42
5455 41
5456 42
5457 41
5458 42
5459 43
5460 42
5461 41
5462 42
5463 41
5464 40
5465 41
5466 40
5467 41
5468 42
5469 41
5470 42
5471 43
5472 44
5473 43
5474 44
5475 43
5476 42
5477 41
5478 42
5479 41
5480 42
5481 41
5482 40
5483 41
5484 40
5485 41
5486 40
5487 41
5488 40
5489 41
5490 42
5491 43
5492 44
5493 45
5494 46
5495 45
5496 44
5497 43
5498 42
5499 41
5500 42
5501 43
5502 42
5503 41
5504 42
5505 43
5506 42
5507 43
5508 42
5509 43
5510 44
5511 43
5512 42
5513 43
5514 44
5515 43
5516 44
5517 45
5518 46
5519 45
5520 46
5521 45
5522 44
5523 43
5524 42
5525 41
5526 42
5527 43
5528 44
5529 43
5530 42
5531 41
5532 42
5533 41
5534 42
5535 43
5536 42
5537 43
5538 42
5539 43
5540 44
5541 45
5542 44
5543 43
5544 42
5545 43
5546 44
5547 45
5548 46
5549 47
5550 48
5551 49
5552 50
5553 49
5554 48
5555 47
5556 48
5557 49
5558 48
5559 47
5560 46
5561 45
5562 46
5563 45
5564 44
5565 43
5566 42
5567 41
5568 40
5569 39
5570 40
5571 39
5572 38
5573 37
5574 38
5575 39
5576 40
5577 39
5578 40
5579 39
5580 38
5581 39
5582 40
5583 39
5584 38
5585 39
5586 40
5587 41
5588 42
5589 43
5590 42
5591 41
5592 42
5593 41
5594 40
5595 41
5596 40
5597 39
5598 40
5599 41
5600 40
5601 39
5602 38
5603 37
5604 36
5605 37
5606 38
5607 37
5608 36
5609 37
5610 38
5611 39
5612 40
5613 41
5614 42
5615 41
5616 40
5617 39
5618 38
5619 39
5620 38
5621 39
5622 40
5623 39
5624 38
5625 37
5626 36
5627 37
5628 36
5629 35
5630 34
5631 33
5632 34
5633 35
5634 34
5635 35
5636 34
5637 35
5638 36
5639 37
5640 36
5641 35
5642 36
5643 37
5644 38
5645 37
5646 36
5647 35
5648 34
5649 33
5650 34
5651 33
5652 32
5653 31
5654 32
5655 31
5656 32
5657 31
5658 30
5659 31
5660 32
5661 33
5662 34
5663 33
5664 34
5665 35
5666 36
5667 37
5668 36
5669 37
5670 38
5671 39
5672 40
5673 39
5674 40
5675 39
5676 40
5677 39
5678 40
5679 41
5680 42
5681 41
5682 42
5683 41
5684 42
5685 43
5686 42
5687 43
5688 44
5689 43
5690 44
5691 43
5692 44
5693 43
5694 44
5695 45
5696 46
5697 47
5698 48
5699 47
5700 48
5701 47
5702 46
5703 47
5704 46
5705 47
5706 46
5707 45
5708 46
5709 45
5710 46
5711 45
5712 44
5713 43
5714 42
5715 41
5716 42
5717 43
5718 42
5719 41
5720 40
5721 39
5722 40
5723 39
5724 40
5725 41
5726 40
5727 41
5728 40
5729 41
5730 42
5731 41
5732 40
5733 41
5734 42
5735 41
5736 42
5737 43
5738 42
5739 41
5740 42
5741 43
5742 42
5743 43
5744 42
5745 41
5746 42
5747 41
5748 42
5749 41
5750 42
5751 41
5752 42
5753 41
5754 40
5755 39
5756 40
5757 41
5758 42
5759 43
5760 44
5761 43
5762 42
5763 43
5764 42
5765 41
5766 40
5767 39
5768 40
5769 41
5770 40
5771 39
5772 38
5773 37
5774 36
5775 37
5776 38
5777 37
5778 38
5779 37
5780 38
5781 37
5782 36
5783 35
5784 34
5785 35
5786 36
5787 37
5788 38
5789 39
5790 38
5791 39
5792 38
5793 39
5794 40
5795 39
5796 40
5797 39
5798 38
5799 39
5800 40
5801 41
5802 42
5803 43
5804 42
5805 43
5806 42
5807 43
5808 42
5809 43
5810 42
5811 41
5812 42
5813 41
5814 42
5815 41
5816 42
5817 41
5818 42
5819 41
5820 40
5821 41
5822 42
5823 41
5824 42
5825 41
5826 42
5827 43
5828 42
5829 41
5830 40
5831 39
5832 38
5833 39
5834 38
5835 37
5836 36
5837 37
5838 36
5839 37
5840 38
5841 39
5842 40
5843 41
5844 40
5845 39
5846 40
5847 39
5848 38
5849 37
5850 38
5851 39
5852 38
5853 37
5854 36
5855 37
5856 38
5857 39
5858 38
5859 39
5860 38
5861 37
5862 38
5863 39
5864 38
5865 39
5866 40
5867 39
5868 40
5869 41
5870 40
5871 39
5872 40
5873 39
5874 40
5875 39
5876 40
5877 41
5878 40
5879 41
5880 40
5881 41
5882 40
5883 39
5884 40
5885 41
5886 40
5887 39
5888 38
5889 39
5890 38
5891 37
5892 38
5893 37
5894 38
5895 37
5896 38
5897 39
5898 38
5899 39
5900 40
5901 39
5902 38
5903 37
5904 38
5905 39
5906 38
5907 39
5908 38
5909 39
5910 40
5911 41
5912 42
5913 41
5914 42
5915 43
5916 42
5917 41
5918 42
5919 41
5920 40
5921 41
5922 42
5923 43
5924 44
5925 45
5926 46
5927 45
5928 44
5929 43
5930 44
5931 45
5932 44
5933 45
5934 44
5935 45
5936 46
5937 45
5938 44
5939 45
5940 46
5941 45
5942 44
5943 43
5944 44
5945 43
5946 42
5947 41
5948 40
5949 41
5950 42
5951 43
5952 44
5953 43
5954 44
5955 45
5956 46
5957 47
5958 48
5959 49
5960 50
5961 51
5962 50
5963 51
5964 50
5965 51
5966 50
5967 49
5968 48
5969 49
5970 50
5971 49
5972 48
5973 47
5974 48
5975 49
5976 48
5977 47
5978 46
5979 45
5980 46
5981 47
5982 46
5983 47
5984 46
5985 45
5986 44
5987 45
5988 46
5989 47
5990 46
5991 45
5992 44
5993 43
5994 42
5995 41
5996 40
5997 41
5998 40
5999 41
6000 42
6001 43
6002 42
6003 43
6004 42
6005 43
6006 44
6007 43
6008 42
6009 41
6010 40
6011 39
6012 38
6013 39
6014 40
6015 39
6016 40
6017 41
6018 40
6019 39
6020 40
6021 39
6022 38
6023 37
6024 38
6025 37
6026 38
6027 39
6028 38
6029 37
6030 38
6031 37
6032 38
6033 39
6034 38
6035 37
6036 38
6037 39
6038 40
6039 41
6040 40
6041 39
6042 40
6043 39
6044 40
6045 39
6046 40
6047 41
6048 40
6049 39
6050 38
6051 39
6052 38
6053 37
6054 38
6055 39
6056 38
6057 39
6058 40
6059 39
6060 40
6061 41
6062 42
6063 41
6064 40
6065 41
6066 40
6067 39
6068 38
6069 39
6070 38
6071 37
6072 36
6073 35
6074 36
6075 37
6076 36
6077 37
6078 38
6079 37
6080 38
6081 37
6082 38
6083 37
6084 36
6085 37
6086 36
6087 37
6088 38
6089 39
6090 38
6091 39
6092 38
6093 37
6094 36
6095 37
6096 36
6097 37
6098 36
6099 35
6100 36
6101 35
6102 36
6103 37
6104 36
6105 37
6106 38
6107 39
6108 38
6109 39
6110 38
6111 39
6112 40
6113 39
6114 40
6115 41
6116 42
6117 43
6118 44
6119 43
6120 42
6121 43
6122 44
6123 43
6124 44
6125 45
6126 44
6127 45
6128 44
6129 43
6130 44
6131 45
6132 44
6133 45
6134 46
6135 45
6136 44
6137 45
6138 44
6139 43
6140 42
6141 41
6142 40
6143 39
6144 40
6145 41
6146 40
6147 39
6148 40
6149 39
6150 38
6151 37
6152 36
6153 35
6154 34
6155 33
6156 34
6157 35
6158 34
6159 33
6160 32
6161 33
6162 34
6163 35
6164 36
6165 37
6166 36
6167 35
6168 34
6169 35
6170 34
6171 35
6172 36
6173 35
6174 36
6175 37
6176 38
6177 39
6178 40
6179 39
6180 40
6181 41
6182 42
6183 43
6184 42
6185 43
6186 44
6187 45
6188 46
6189 45
6190 46
6191 47
6192 46
6193 47
6194 48
6195 49
6196 50
6197 49
6198 50
6199 49
6200 48
6201 49
6202 48
6203 49
6204 48
6205 47
6206 48
6207 49
6208 48
6209 47
6210 48
6211 47
6212 48
6213 47
6214 48
6215 47
6216 48
6217 47
6218 46
6219 45
6220 44
6221 43
6222 42
6223 43
6224 42
6225 41
6226 40
6227 41
6228 42
6229 41
6230 42
6231 41
6232 40
6233 41
6234 42
6235 43
6236 42
6237 41
6238 42
6239 41
6240 40
6241 39
6242 40
6243 41
6244 40
6245 41
6246 40
6247 39
6248 40
6249 41
6250 40
6251 41
6252 40
6253 41
6254 42
6255 41
6256 42
6257 41
6258 42
6259 41
6260 40
6261 41
6262 42
6263 43
6264 44
6265 45
6266 44
6267 43
6268 44
6269 43
6270 42
6271 43
6272 44
6273 43
6274 44
6275 43
6276 44
6277 43
6278 44
6279 43
6280 44
6281 45
6282 46
6283 47
6284 48
6285 49
6286 48
6287 47
6288 46
6289 45
6290 44
6291 43
6292 42
6293 41
6294 40
6295 41
6296 42
6297 43
6298 44
6299 43
6300 44
6301 43
6302 44
6303 43
6304 44
6305 45
6306 46
6307 45
6308 46
6309 47
6310 48
6311 47
6312 46
6313 45
6314 44
6315 43
6316 44
6317 45
6318 44
6319 45
6320 44
6321 43
6322 42
6323 43
6324 44
6325 45
6326 44
6327 45
6328 46
6329 45
6330 44
6331 43
6332 42
6333 43
6334 44
6335 45
6336 44
6337 45
6338 46
6339 45
6340 46
6341 47
6342 46
6343 45
6344 46
6345 47
6346 48
6347 47
6348 48
6349 47
6350 46
6351 45
6352 44
6353 43
6354 42
6355 41
6356 42
6357 41
6358 40
6359 41
6360 40
6361 39
6362 40
6363 41
6364 40
6365 41
6366 42
6367 41
6368 40
6369 39
6370 38
6371 37
6372 38
6373 39
6374 40
6375 39
6376 40
6377 41
6378 40
6379 41
6380 40
6381 41
6382 40
6383 39
6384 38
6385 37
6386 36
6387 37
6388 36
6389 35
6390 34
6391 33
6392 34
6393 35
6394 36
6395 35
6396 34
6397 35
6398 36
6399 37
6400 38
6401 37
6402 36
6403 35
6404 34
6405 35
6406 34
6407 33
6408 34
6409 33
6410 32
6411 33
6412 32
6413 31
6414 32
6415 31
6416 30
6417 31
6418 30
6419 31
6420 32
6421 31
6422 30
6423 29
6424 30
6425 29
6426 30
6427 31
6428 32
6429 31
6430 30
6431 31
6432 32
6433 31
6434 30
6435 29
6436 30
6437 31
6438 32
6439 33
6440 32
6441 31
6442 32
6443 33
6444 34
6445 33
6446 34
6447 33
6448 34
6449 33
6450 32
6451 31
6452 30
6453 29
6454 30
6455 31
6456 32
6457 31
6458 30
6459 29
6460 28
6461 29
6462 28
6463 29
6464 28
6465 27
6466 28
6467 29
6468 30
6469 31
6470 32
6471 31
6472 32
6473 31
6474 32
6475 31
6476 30
6477 29
6478 28
6479 29
6480 30
6481 31
6482 32
6483 31
6484 32
6485 33
6486 32
6487 31
6488 32
6489 31
6490 32
6491 33
6492 34
6493 35
6494 34
6495 33
6496 32
6497 33
6498 34
6499 33
6500 32
6501 33
6502 32
6503 31
6504 30
6505 29
6506 30
6507 31
6508 30
6509 29
6510 30
6511 31
6512 32
6513 33
6514 32
6515 31
6516 32
6517 31
6518 30
6519 29
6520 28
6521 27
6522 28
6523 27
6524 28
6525 27
6526 28
6527 27
6528 26
6529 27
6530 26
6531 25
6532 24
6533 25
6534 24
6535 23
6536 24
6537 23
6538 22
6539 23
6540 24
6541 23
6542 24
6543 23
6544 24
6545 25
6546 24
6547 23
6548 22
6549 21
6550 20
6551 19
6552 18
6553 17
6554 18
6555 19
6556 18
6557 17
6558 18
6559 17
6560 16
6561 17
6562 18
6563 17
6564 16
6565 15
6566 14
6567 15
6568 14
6569 15
6570 14
6571 13
6572 14
6573 13
6574 12
6575 11
6576 10
6577 11
6578 12
6579 13
6580 12
6581 11
6582 10
6583 11
6584 10
6585 11
6586 10
6587 9
6588 8
6589 7
6590 6
6591 5
6592 6
6593 7
6594 6
6595 7
6596 6
6597 7
6598 6
6599 5
6600 4
6601 5
6602 6
6603 7
6604 6
6605 7
6606 6
6607 5
6608 4
6609 3
6610 4
6611 5
6612 4
6613 5
6614 4
6615 3
6616 4
6617 5
6618 6
6619 5
6620 6
6621 7
6622 8
6623 9
6624 10
6625 11
6626 12
6627 13
6628 12
6629 13
6630 14
6631 15
6632 16
6633 15
6634 14
6635 15
6636 16
6637 15
6638 14
6639 13
6640 14
6641 15
6642 16
6643 15
6644 14
6645 15
6646 16
6647 15
6648 16
6649 15
6650 14
6651 13
6652 12
6653 13
6654 14
6655 15
6656 14
6657 13
6658 14
6659 13
6660 12
6661 13
6662 14
6663 13
6664 14
6665 15
6666 14
6667 15
6668 14
6669 15
6670 16
6671 17
6672 18
6673 19
6674 20
6675 19
6676 18
6677 19
6678 20
6679 21
6680 22
6681 23
6682 22
6683 21
6684 22
6685 23
6686 22
6687 21
6688 22
6689 23
6690 22
6691 23
6692 22
6693 23
6694 24
6695 25
6696 26
6697 25
6698 26
6699 25
6700 24
6701 25
6702 26
6703 27
6704 28
6705 27
6706 28
6707 27
6708 26
6709 27
6710 26
6711 25
6712 24
6713 25
6714 26
6715 27
6716 26
6717 25
6718 26
6719 27
6720 26
6721 25
6722 26
6723 27
6724 26
6725 27
6726 26
6727 27
6728 26
6729 25
6730 26
6731 27
6732 28
6733 29
6734 30
6735 31
6736 30
6737 29
6738 30
6739 29
6740 28
6741 27
6742 28
6743 29
6744 30
6745 31
6746 32
6747 31
6748 30
6749 31
6750 32
6751 31
6752 32
6753 31
6754 30
6755 29
6756 30
6757 31
6758 32
6759 33
6760 34
6761 35
6762 36
6763 37
6764 36
6765 35
6766 34
6767 35
6768 36
6769 35
6770 36
6771 35
6772 34
6773 35
6774 36
6775 35
6776 36
6777 35
6778 36
6779 35
6780 36
6781 37
6782 38
6783 39
6784 40
6785 39
6786 40
6787 39
6788 40
6789 41
6790 42
6791 43
6792 44
6793 45
6794 44
6795 43
6796 42
6797 41
6798 40
6799 41
6800 42
6801 41
6802 40
6803 41
6804 40
6805 41
6806 40
6807 39
6808 38
6809 39
6810 38
6811 37
6812 36
6813 37
6814 36
6815 35
6816 34
6817 33
6818 32
6819 33
6820 32
6821 33
6822 34
6823 35
6824 36
6825 35
6826 34
6827 33
6828 32
6829 33
6830 32
6831 33
6832 32
6833 33
6834 34
6835 33
6836 34
6837 33
6838 32
6839 31
6840 32
6841 33
6842 34
6843 33
6844 34
6845 33
6846 34
6847 33
6848 34
6849 33
6850 34
6851 33
6852 32
6853 33
6854 34
6855 33
6856 32
6857 31
6858 32
6859 33
6860 34
6861 33
6862 34
6863 33
6864 34
6865 33
6866 34
6867 35
6868 36
6869 35
6870 34
6871 35
6872 36
6873 35
6874 36
6875 35
6876 34
6877 35
6878 36
6879 37
6880 38
6881 37
6882 36
6883 35
6884 36
6885 35
6886 34
6887 35
6888 34
6889 35
6890 34
6891 33
6892 34
6893 35
6894 34
6895 35
6896 36
6897 37
6898 38
6899 39
6900 40
6901 41
6902 42
6903 43
6904 42
6905 43
6906 42
6907 43
6908 42
6909 41
6910 42
6911 41
6912 40
6913 39
6914 40
6915 41
6916 42
6917 41
6918 40
6919 39
6920 38
6921 37
6922 38
6923 37
6924 36
6925 35
6926 34
6927 33
6928 34
6929 33
6930 32
6931 33
6932 34
6933 35
6934 34
6935 33
6936 34
6937 33
6938 34
6939 33
6940 34
6941 35
6942 34
6943 35
6944 34
6945 33
6946 32
6947 31
6948 30
6949 29
6950 30
6951 31
6952 32
6953 31
6954 30
6955 29
6956 30
6957 29
6958 28
6959 29
6960 30
6961 31
6962 32
6963 33
6964 32
6965 33
6966 32
6967 33
6968 32
6969 33
6970 34
6971 33
6972 34
6973 33
6974 32
6975 31
6976 32
6977 31
6978 30
6979 29
6980 30
6981 29
6982 28
6983 29
6984 30
6985 31
6986 32
6987 33
6988 34
6989 33
6990 32
6991 33
6992 32
6993 31
6994 32
6995 31
6996 30
6997 29
6998 30
6999 29
7000 28
7001 29
7002 28
7003 29
7004 28
7005 27
7006 26
7007 25
7008 26
7009 25
7010 26
7011 25
7012 24
7013 23
7014 24
7015 23
7016 22
7017 21
7018 20
7019 21
7020 20
7021 19
7022 20
7023 21
7024 22
7025 21
7026 20
7027 21
7028 22
7029 23
7030 22
7031 23
7032 22
7033 21
7034 20
7035 21
7036 20
7037 21
7038 20
7039 21
7040 22
7041 21
7042 20
7043 19
7044 20
7045 19
7046 20
7047 19
7048 20
7049 19
7050 20
7051 19
7052 18
7053 17
7054 18
7055 17
7056 18
7057 17
7058 16
7059 17
7060 16
7061 15
7062 16
7063 17
7064 18
7065 17
7066 18
7067 17
7068 16
7069 15
7070 14
7071 15
7072 16
7073 15
7074 16
7075 15
7076 16
7077 17
7078 18
7079 19
7080 18
7081 19
7082 20
7083 19
7084 20
7085 21
7086 20
7087 19
7088 18
7089 19
7090 20
7091 19
7092 18
7093 17
7094 18
7095 17
7096 16
7097 15
7098 14
7099 13
7100 14
7101 15
7102 16
7103 17
7104 18
7105 17
7106 18
7107 17
7108 16
7109 15
7110 16
7111 15
7112 14
7113 13
7114 12
7115 11
7116 10
7117 9
7118 10
7119 11
7120 10
7121 11
7122 10
7123 11
7124 12
7125 13
7126 14
7127 13
7128 12
7129 13
7130 12
7131 11
7132 10
7133 9
7134 10
7135 9
7136 8
7137 9
7138 10
7139 11
7140 12
7141 11
7142 10
7143 11
7144 10
7145 11
7146 10
7147 9
7148 8
7149 9
7150 8
7151 9
7152 10
7153 9
7154 8
7155 7
7156 6
7157 7
7158 8
7159 9
7160 8
7161 9
7162 10
7163 9
7164 8
7165 9
7166 8
7167 9
7168 8
7169 7
7170 8
7171 7
7172 6
7173 5
7174 4
7175 3
7176 2
7177 1
7178 0
7179 -1
7180 0
7181 1
7182 0
7183 1
7184 2
7185 1
7186 0
7187 -1
7188 -2
7189 -1
7190 0
7191 1
7192 2
7193 1
7194 0
7195 1
7196 0
7197 1
7198 2
7199 3
7200 2
7201 3
7202 4
7203 5
7204 6
7205 5
7206 4
7207 3
7208 4
7209 5
7210 6
7211 5
7212 4
7213 5
7214 4
7215 3
7216 2
7217 3
7218 2
7219 1
7220 2
7221 1
7222 0
7223 -1
7224 -2
7225 -1
7226 -2
7227 -1
7228 0
7229 1
7230 0
7231 1
7232 2
7233 1
7234 2
7235 3
7236 4
7237 3
7238 4
7239 5
7240 4
7241 5
7242 6
7243 5
7244 6
7245 7
7246 8
7247 7
7248 6
7249 7
7250 6
7251 7
7252 6
7253 5
7254 4
7255 3
7256 4
7257 5
7258 6
7259 7
7260 8
7261 7
7262 8
7263 7
7264 8
7265 7
7266 6
7267 5
7268 6
7269 5
7270 6
7271 5
7272 4
7273 3
7274 4
7275 5
7276 6
7277 7
7278 8
7279 9
7280 10
7281 9
7282 8
7283 9
7284 8
7285 9
7286 8
7287 7
7288 6
7289 7
7290 6
7291 5
7292 4
7293 3
7294 2
7295 3
7296 4
7297 5
7298 6
7299 7
7300 8
7301 7
7302 8
7303 7
7304 6
7305 7
7306 6
7307 5
7308 4
7309 5
7310 6
7311 5
7312 4
7313 3
7314 2
7315 1
7316 2
7317 1
7318 2
7319 3
7320 2
7321 3
7322 2
7323 1
7324 0
7325 1
7326 2
7327 3
7328 2
7329 3
7330 4
7331 5
7332 4
7333 3
7334 2
7335 1
7336 0
7337 1
7338 0
7339 1
7340 2
7341 3
7342 4
7343 5
7344 6
7345 5
7346 4
7347 5
7348 4
7349 3
7350 4
7351 5
7352 6
7353 7
7354 8
7355 7
7356 6
7357 5
7358 4
7359 5
7360 6
7361 5
7362 6
7363 7
7364 8
7365 9
7366 10
7367 11
7368 10
7369 9
7370 8
7371 7
7372 6
7373 7
7374 6
7375 7
7376 6
7377 5
7378 4
7379 3
7380 4
7381 5
7382 4
7383 5
7384 4
7385 3
7386 4
7387 3
7388 2
7389 1
7390 2
7391 3
7392 2
7393 3
7394 4
7395 5
7396 4
7397 3
7398 4
7399 5
7400 4
7401 5
7402 4
7403 3
7404 2
7405 3
7406 2
7407 3
7408 2
7409 1
7410 2
7411 1
7412 2
7413 1
7414 0
7415 1
7416 0
7417 -1
7418 -2
7419 -3
7420 -2
7421 -3
7422 -2
7423 -3
7424 -4
7425 -5
7426 -4
7427 -5
7428 -4
7429 -5
7430 -4
7431 -5
7432 -6
7433 -7
7434 -8
7435 -7
7436 -8
7437 -9
7438 -8
7439 -7
7440 -6
7441 -5
7442 -6
7443 -7
7444 -8
7445 -7
7446 -8
7447 -9
7448 -10
7449 -9
7450 -8
7451 -7
7452 -6
7453 -7
7454 -6
7455 -5
7456 -6
7457 -7
7458 -6
7459 -7
7460 -6
7461 -5
7462 -4
7463 -3
7464 -4
7465 -5
7466 -4
7467 -5
7468 -4
7469 -5
7470 -4
7471 -3
7472 -4
7473 -5
7474 -6
7475 -5
7476 -4
7477 -5
7478 -4
7479 -5
7480 -4
7481 -5
7482 -6
7483 -5
7484 -4
7485 -5
7486 -6
7487 -7
7488 -8
7489 -7
7490 -6
7491 -5
7492 -6
7493 -5
7494 -6
7495 -7
7496 -8
7497 -9
7498 -10
7499 -11
7500 -10
7501 -11
7502 -12
7503 -11
7504 -10
7505 -11
7506 -10
7507 -11
7508 -12
7509 -11
7510 -10
7511 -11
7512 -10
7513 -11
7514 -12
7515 -13
7516 -14
7517 -13
7518 -12
7519 -11
7520 -12
7521 -11
7522 -12
7523 -11
7524 -10
7525 -11
7526 -10
7527 -11
7528 -12
7529 -13
7530 -14
7531 -13
7532 -14
7533 -15
7534 -16
7535 -15
7536 -16
7537 -15
7538 -14
7539 -15
7540 -14
7541 -13
7542 -14
7543 -13
7544 -14
7545 -15
7546 -16
7547 -15
7548 -16
7549 -17
7550 -18
7551 -19
7552 -20
7553 -19
7554 -20
7555 -19
7556 -20
7557 -21
7558 -20
7559 -19
7560 -18
7561 -17
7562 -18
7563 -17
7564 -18
7565 -17
7566 -16
7567 -17
7568 -16
7569 -17
7570 -16
7571 -15
7572 -14
7573 -15
7574 -14
7575 -15
7576 -14
7577 -13
7578 -14
7579 -13
7580 -14
7581 -13
7582 -12
7583 -13
7584 -14
7585 -15
7586 -16
7587 -15
7588 -14
7589 -13
7590 -14
7591 -13
7592 -12
7593 -13
7594 -12
7595 -13
7596 -12
7597 -13
7598 -12
7599 -13
7600 -12
7601 -11
7602 -12
7603 -13
7604 -14
7605 -15
7606 -16
7607 -17
7608 -18
7609 -17
7610 -16
7611 -15
7612 -14
7613 -13
7614 -14
7615 -13
7616 -12
7617 -13
7618 -14
7619 -13
7620 -14
7621 -15
7622 -14
7623 -15
7624 -14
7625 -13
7626 -14
7627 -15
7628 -16
7629 -17
7630 -18
7631 -19
7632 -20
7633 -19
7634 -20
7635 -21
7636 -22
7637 -21
7638 -22
7639 -23
7640 -24
7641 -25
7642 -24
7643 -23
7644 -22
7645 -21
7646 -20
7647 -19
7648 -18
7649 -17
7650 -18
7651 -19
7652 -18
7653 -19
7654 -20
7655 -19
7656 -20
7657 -19
7658 -18
7659 -19
7660 -18
7661 -17
7662 -18
7663 -17
7664 -16
7665 -15
7666 -14
7667 -13
7668 -14
7669 -13
7670 -12
7671 -13
7672 -12
7673 -13
7674 -14
7675 -15
7676 -16
7677 -17
7678 -18
7679 -19
7680 -20
7681 -21
7682 -22
7683 -23
7684 -24
7685 -23
7686 -22
7687 -21
7688 -22
7689 -23
7690 -22
7691 -23
7692 -24
7693 -23
7694 -24
7695 -23
7696 -24
7697 -25
7698 -26
7699 -25
7700 -24
7701 -23
7702 -22
7703 -21
7704 -20
7705 -21
7706 -22
7707 -23
7708 -24
7709 -25
7710 -26
7711 -25
7712 -24
7713 -25
7714 -26
7715 -25
7716 -24
7717 -25
7718 -26
7719 -27
7720 -26
7721 -25
7722 -26
7723 -25
7724 -26
7725 -27
7726 -28
7727 -27
7728 -28
7729 -29
7730 -30
7731 -31
7732 -30
7733 -31
7734 -32
7735 -33
7736 -32
7737 -33
7738 -32
7739 -33
7740 -32
7741 -33
7742 -32
7743 -31
7744 -32
7745 -31
7746 -32
7747 -31
7748 -30
7749 -31
7750 -32
7751 -31
7752 -30
7753 -29
7754 -30
7755 -29
7756 -30
7757 -29
7758 -28
7759 -29
7760 -30
7761 -31
7762 -32
7763 -31
7764 -30
7765 -31
7766 -30
7767 -29
7768 -28
7769 -27
7770 -26
7771 -25
7772 -24
7773 -25
7774 -26
7775 -25
7776 -24
7777 -23
7778 -22
7779 -23
7780 -24
7781 -25
7782 -24
7783 -23
7784 -24
7785 -23
7786 -22
7787 -23
7788 -24
7789 -23
7790 -22
7791 -21
7792 -22
7793 -23
7794 -22
7795 -21
7796 -20
7797 -21
7798 -22
7799 -21
7800 -20
7801 -19
7802 -20
7803 -21
7804 -20
7805 -19
7806 -18
7807 -19
7808 -18
7809 -19
7810 -18
7811 -17
7812 -18
7813 -17
7814 -16
7815 -15
7816 -14
7817 -15
7818 -16
7819 -15
7820 -16
7821 -15
7822 -16
7823 -17
7824 -18
7825 -17
7826 -16
7827 -15
7828 -16
7829 -15
7830 -14
7831 -15
7832 -16
7833 -17
7834 -18
7835 -17
7836 -18
7837 -19
7838 -20
7839 -19
7840 -18
7841 -17
7842 -18
7843 -17
7844 -16
7845 -17
7846 -18
7847 -19
7848 -20
7849 -19
7850 -18
7851 -19
7852 -18
7853 -17
7854 -16
7855 -17
7856 -18
7857 -17
7858 -16
7859 -15
7860 -14
7861 -15
7862 -14
7863 -13
7864 -12
7865 -11
7866 -12
7867 -11
7868 -12
7869 -11
7870 -12
7871 -11
7872 -10
7873 -11
7874 -12
7875 -13
7876 -14
7877 -13
7878 -14
7879 -15
7880 -16
7881 -17
7882 -18
7883 -19
7884 -18
7885 -19
7886 -20
7887 -19
7888 -20
7889 -19
7890 -20
7891 -21
7892 -20
7893 -21
7894 -20
7895 -19
7896 -20
7897 -21
7898 -20
7899 -19
7900 -18
7901 -19
7902 -20
7903 -21
7904 -20
7905 -21
7906 -22
7907 -23
7908 -22
7909 -21
7910 -20
7911 -19
7912 -18
7913 -17
7914 -16
7915 -15
7916 -16
7917 -15
7918 -14
7919 -15
7920 -14
7921 -13
7922 -12
7923 -13
7924 -14
7925 -13
7926 -12
7927 -11
7928 -10
7929 -9
7930 -10
7931 -9
7932 -8
7933 -9
7934 -8
7935 -7
7936 -8
7937 -7
7938 -6
7939 -5
7940 -4
7941 -5
7942 -6
7943 -5
7944 -4
7945 -5
7946 -4
7947 -3
7948 -2
7949 -1
7950 -2
7951 -1
7952 0
7953 -1
7954 0
7955 1
7956 2
7957 3
7958 2
7959 1
7960 2
7961 1
7962 2
7963 3
7964 2
7965 3
7966 2
7967 1
7968 0
7969 -1
7970 0
7971 1
7972 0
7973 1
7974 2
7975 3
7976 4
7977 3
7978 2
7979 1
7980 2
7981 1
7982 0
7983 1
7984 2
7985 1
7986 0
7987 1
7988 2
7989 3
7990 2
7991 1
7992 2
7993 3
7994 2
7995 1
7996 2
7997 1
7998 2
7999 1
8000 2
8001 3
8002 4
8003 5
8004 6
8005 5
8006 4
8007 3
8008 4
8009 5
8010 6
8011 5
8012 4
8013 5
8014 4
8015 3
8016 2
8017 3
8018 4
8019 3
8020 4
8021 3
8022 4
8023 3
8024 4
8025 5
8026 6
8027 5
8028 4
8029 5
8030 4
8031 3
8032 2
8033 1
8034 2
8035 3
8036 4
8037 3
8038 4
8039 3
8040 2
8041 1
8042 0
8043 -1
8044 0
8045 -1
8046 -2
8047 -3
8048 -2
8049 -3
8050 -2
8051 -3
8052 -4
8053 -5
8054 -6
8055 -5
8056 -6
8057 -5
8058 -4
8059 -3
8060 -2
8061 -3
8062 -4
8063 -5
8064 -4
8065 -5
8066 -6
8067 -7
8068 -6
8069 -5
8070 -6
8071 -5
8072 -4
8073 -3
8074 -2
8075 -3
8076 -2
8077 -1
8078 0
8079 -1
8080 0
8081 -1
8082 0
8083 1
8084 2
8085 1
8086 2
8087 1
8088 0
8089 -1
8090 0
8091 1
8092 2
8093 1
8094 0
8095 1
8096 2
8097 3
8098 4
8099 3
8100 4
8101 3
8102 4
8103 3
8104 4
8105 5
8106 6
8107 7
8108 8
8109 9
8110 8
8111 9
8112 8
8113 7
8114 6
8115 7
8116 6
8117 5
8118 4
8119 5
8120 6
8121 7
8122 6
8123 5
8124 4
8125 3
8126 2
8127 3
8128 4
8129 5
8130 4
8131 3
8132 4
8133 3
8134 2
8135 1
8136 0
8137 -1
8138 -2
8139 -1
8140 -2
8141 -3
8142 -4
8143 -5
8144 -4
8145 -3
8146 -2
8147 -3
8148 -2
8149 -3
8150 -2
8151 -3
8152 -4
8153 -3
8154 -4
8155 -5
8156 -6
8157 -7
8158 -6
8159 -7
8160 -6
8161 -7
8162 -8
8163 -7
8164 -8
8165 -9
8166 -10
8167 -9
8168 -10
8169 -11
8170 -12
8171 -13
8172 -14
8173 -13
8174 -14
8175 -13
8176 -14
8177 -15
8178 -14
8179 -13
8180 -12
8181 -13
8182 -12
8183 -13
8184 -14
8185 -13
8186 -12
8187 -11
8188 -12
8189 -11
8190 -10
8191 -9
8192 -8
8193 -9
8194 -10
8195 -11
8196 -12
8197 -13
8198 -14
8199 -13
8200 -14
8201 -13
8202 -12
8203 -11
8204 -10
8205 -11
8206 -10
8207 -9
8208 -10
8209 -9
8210 -8
8211 -9
8212 -8
8213 -7
8214 -8
8215 -7
8216 -8
8217 -7
8218 -6
8219 -5
8220 -4
8221 -5
8222 -6
8223 -5
8224 -6
8225 -7
8226 -8
8227 -7
8228 -8
8229 -7
8230 -8
8231 -9
8232 -8
8233 -9
8234 -8
8235 -7
8236 -6
8237 -7
8238 -8
8239 -7
8240 -8
8241 -7
8242 -8
8243 -7
8244 -6
8245 -5
8246 -4
8247 -3
8248 -4
8249 -3
8250 -4
8251 -5
8252 -6
8253 -5
8254 -4
8255 -5
8256 -6
8257 -7
8258 -8
8259 -9
8260 -10
8261 -9
8262 -10
8263 -9
8264 -10
8265 -9
8266 -10
8267 -11
8268 -12
8269 -13
8270 -12
8271 -11
8272 -12
8273 -13
8274 -14
8275 -13
8276 -12
8277 -13
8278 -12
8279 -13
8280 -12
8281 -11
8282 -12
8283 -11
8284 -12
8285 -11
8286 -12
8287 -11
8288 -12
8289 -13
8290 -12
8291 -13
8292 -12
8293 -13
8294 -14
8295 -13
8296 -12
8297 -11
8298 -10
8299 -11
8300 -10
8301 -9
8302 -8
8303 -9
8304 -10
8305 -11
8306 -12
8307 -13
8308 -12
8309 -13
8310 -12
8311 -13
8312 -14
8313 -13
8314 -12
8315 -11
8316 -10
8317 -9
8318 -8
8319 -7
8320 -8
8321 -9
8322 -10
8323 -11
8324 -12
8325 -11
8326 -10
8327 -11
8328 -12
8329 -11
8330 -12
8331 -11
8332 -12
8333 -11
8334 -12
8335 -13
8336 -12
8337 -11
8338 -10
8339 -11
8340 -10
8341 -11
8342 -10
8343 -9
8344 -8
8345 -7
8346 -8
8347 -7
8348 -8
8349 -7
8350 -8
8351 -9
8352 -10
8353 -9
8354 -8
8355 -7
8356 -6
8357 -7
8358 -8
8359 -9
8360 -8
8361 -7
8362 -6
8363 -5
8364 -4
8365 -3
8366 -4
8367 -5
8368 -6
8369 -5
8370 -6
8371 -7
8372 -8
8373 -7
8374 -8
8375 -7
8376 -8
8377 -7
8378 -8
8379 -9
8380 -10
8381 -11
8382 -10
8383 -11
8384 -10
8385 -9
8386 -8
8387 -9
8388 -8
8389 -7
8390 -8
8391 -9
8392 -10
8393 -9
8394 -10
8395 -9
8396 -10
8397 -11
8398 -10
8399 -9
8400 -8
8401 -9
8402 -10
8403 -11
8404 -10
8405 -11
8406 -10
8407 -11
8408 -12
8409 -11
8410 -10
8411 -9
8412 -10
8413 -11
8414 -10
8415 -11
8416 -10
8417 -11
8418 -12
8419 -13
8420 -14
8421 -15
8422 -16
8423 -17
8424 -18
8425 -19
8426 -20
8427 -21
8428 -20
8429 -19
8430 -20
8431 -19
8432 -20
8433 -19
8434 -18
8435 -17
8436 -16
8437 -15
8438 -16
8439 -15
8440 -14
8441 -15
8442 -14
8443 -13
8444 -12
8445 -11
8446 -12
8447 -13
8448 -12
8449 -13
8450 -12
8451 -13
8452 -12
8453 -11
8454 -12
8455 -13
8456 -12
8457 -11
8458 -12
8459 -11
8460 -10
8461 -11
8462 -10
8463 -11
8464 -12
8465 -13
8466 -14
8467 -15
8468 -14
8469 -13
8470 -12
8471 -11
8472 -10
8473 -11
8474 -10
8475 -11
8476 -12
8477 -11
8478 -10
8479 -11
8480 -10
8481 -11
8482 -10
8483 -11
8484 -10
8485 -11
8486 -10
8487 -9
8488 -8
8489 -7
8490 -8
8491 -9
8492 -10
8493 -11
8494 -10
8495 -9
8496 -10
8497 -9
8498 -8
8499 -7
8500 -6
8501 -7
8502 -8
8503 -9
8504 -8
8505 -9
8506 -10
8507 -9
8508 -8
8509 -7
8510 -6
8511 -7
8512 -6
8513 -5
8514 -6
8515 -5
8516 -4
8517 -3
8518 -2
8519 -1
8520 -2
8521 -1
8522 -2
8523 -3
8524 -4
8525 -3
8526 -2
8527 -3
8528 -4
8529 -3
8530 -4
8531 -3
8532 -2
8533 -3
8534 -4
8535 -3
8536 -4
8537 -5
8538 -6
8539 -5
8540 -6
8541 -7
8542 -6
8543 -5
8544 -4
8545 -5
8546 -4
8547 -5
8548 -6
8549 -5
8550 -4
8551 -5
8552 -4
8553 -5
8554 -4
8555 -3
8556 -2
8557 -1
8558 0
8559 1
8560 0
8561 1
8562 0
8563 1
8564 0
8565 1
8566 0
8567 1
8568 2
8569 3
8570 2
8571 1
8572 0
8573 -1
8574 0
8575 -1
8576 0
8577 1
8578 2
8579 3
8580 2
8581 1
8582 0
8583 -1
8584 0
8585 -1
8586 -2
8587 -3
8588 -4
8589 -3
8590 -4
8591 -5
8592 -6
8593 -5
8594 -6
8595 -7
8596 -8
8597 -7
8598 -6
8599 -5
8600 -4
8601 -5
8602 -6
8603 -5
8604 -6
8605 -7
8606 -6
8607 -7
8608 -6
8609 -7
8610 -8
8611 -7
8612 -6
8613 -7
8614 -8
8615 -7
8616 -8
8617 -9
8618 -8
8619 -7
8620 -6
8621 -5
8622 -4
8623 -3
8624 -4
8625 -5
8626 -4
8627 -3
8628 -2
8629 -3
8630 -4
8631 -3
8632 -4
8633 -5
8634 -6
8635 -7
8636 -8
8637 -7
8638 -8
8639 -9
8640 -8
8641 -7
8642 -8
8643 -9
8644 -8
8645 -7
8646 -8
8647 -7
8648 -8
8649 -9
8650 -10
8651 -9
8652 -8
8653 -7
8654 -8
8655 -7
8656 -6
8657 -5
8658 -6
8659 -5
8660 -4
8661 -3
8662 -4
8663 -5
8664 -6
8665 -5
8666 -6
8667 -7
8668 -8
8669 -7
8670 -8
8671 -9
8672 -10
8673 -11
8674 -12
8675 -13
8676 -14
8677 -15
8678 -16
8679 -17
8680 -18
8681 -17
8682 -18
8683 -17
8684 -18
8685 -17
8686 -18
8687 -19
8688 -20
8689 -19
8690 -18
8691 -17
8692 -18
8693 -17
8694 -18
8695 -19
8696 -18
8697 -17
8698 -18
8699 -17
8700 -18
8701 -17
8702 -16
8703 -17
8704 -18
8705 -17
8706 -18
8707 -19
8708 -18
8709 -17
8710 -16
8711 -17
8712 -18
8713 -17
8714 -16
8715 -17
8716 -18
8717 -17
8718 -16
8719 -17
8720 -18
8721 -19
8722 -20
8723 -21
8724 -20
8725 -21
8726 -22
8727 -23
8728 -24
8729 -23
8730 -22
8731 -23
8732 -24
8733 -25
8734 -24
8735 -23
8736 -22
8737 -21
8738 -20
8739 -21
8740 -20
8741 -21
8742 -22
8743 -21
8744 -20
8745 -21
8746 -22
8747 -21
8748 -22
8749 -21
8750 -22
8751 -21
8752 -20
8753 -19
8754 -20
8755 -19
8756 -20
8757 -19
8758 -20
8759 -21
8760 -20
8761 -19
8762 -18
8763 -17
8764 -18
8765 -17
8766 -16
8767 -17
8768 -16
8769 -17
8770 -16
8771 -17
8772 -18
8773 -17
8774 -16
8775 -17
8776 -18
8777 -19
8778 -20
8779 -21
8780 -22
8781 -23
8782 -22
8783 -23
8784 -22
8785 -21
8786 -22
8787 -23
8788 -22
8789 -21
8790 -22
8791 -23
8792 -22
8793 -21
8794 -20
8795 -21
8796 -20
8797 -21
8798 -22
8799 -23
8800 -24
8801 -23
8802 -24
8803 -23
8804 -22
8805 -21
8806 -20
8807 -19
8808 -20
8809 -19
8810 -18
8811 -19
8812 -18
8813 -19
8814 -18
8815 -19
8816 -18
8817 -17
8818 -16
8819 -15
8820 -14
8821 -15
8822 -16
8823 -15
8824 -14
8825 -15
8826 -14
8827 -15
8828 -14
8829 -13
8830 -12
8831 -13
8832 -12
8833 -13
8834 -12
8835 -13
8836 -12
8837 -13
8838 -12
8839 -11
8840 -12
8841 -11
8842 -12
8843 -11
8844 -12
8845 -11
8846 -10
8847 -9
8848 -8
8849 -7
8850 -8
8851 -9
8852 -10
8853 -9
8854 -10
8855 -9
8856 -8
8857 -7
8858 -8
8859 -7
8860 -6
8861 -5
8862 -4
8863 -5
8864 -6
8865 -5
8866 -4
8867 -5
8868 -6
8869 -5
8870 -6
8871 -5
8872 -4
8873 -3
8874 -2
8875 -1
8876 -2
8877 -1
8878 0
8879 -1
8880 -2
8881 -3
8882 -2
8883 -1
8884 -2
8885 -1
8886 -2
8887 -3
8888 -4
8889 -3
8890 -2
8891 -1
8892 0
8893 1
8894 0
8895 -1
8896 -2
8897 -3
8898 -2
8899 -1
8900 -2
8901 -3
8902 -2
8903 -3
8904 -2
8905 -1
8906 0
8907 -1
8908 0
8909 1
8910 0
8911 1
8912 2
8913 1
8914 2
8915 1
8916 2
8917 3
8918 2
8919 1
8920 2
8921 1
8922 0
8923 -1
8924 -2
8925 -3
8926 -4
8927 -5
8928 -4
8929 -5
8930 -6
8931 -5
8932 -6
8933 -5
8934 -4
8935 -3
8936 -4
8937 -3
8938 -2
8939 -3
8940 -2
8941 -3
8942 -4
8943 -5
8944 -4
8945 -3
8946 -2
8947 -1
8948 -2
8949 -3
8950 -4
8951 -3
8952 -2
8953 -1
8954 0
8955 -1
8956 0
8957 -1
8958 0
8959 -1
8960 -2
8961 -3
8962 -2
8963 -3
8964 -2
8965 -1
8966 -2
8967 -3
8968 -2
8969 -3
8970 -2
8971 -3
8972 -4
8973 -5
8974 -4
8975 -3
8976 -2
8977 -1
8978 -2
8979 -1
8980 -2
8981 -1
8982 0
8983 -1
8984 0
8985 1
8986 0
8987 1
8988 2
8989 3
8990 4
8991 5
8992 4
8993 5
8994 4
8995 3
8996 2
8997 1
8998 0
8999 -1
9000 0
9001 -1
9002 0
9003 1
9004 2
9005 1
9006 2
9007 3
9008 4
9009 5
9010 6
9011 7
9012 8
9013 7
9014 8
9015 7
9016 6
9017 5
9018 4
9019 3
9020 2
9021 1
9022 0
9023 -1
9024 -2
9025 -3
9026 -4
9027 -5
9028 -6
9029 -7
9030 -6
9031 -5
9032 -6
9033 -5
9034 -4
9035 -5
9036 -6
9037 -7
9038 -6
9039 -7
9040 -8
9041 -9
9042 -10
9043 -9
9044 -8
9045 -7
9046 -6
9047 -5
9048 -4
9049 -5
9050 -6
9051 -5
9052 -4
9053 -5
9054 -4
9055 -3
9056 -2
9057 -1
9058 0
9059 1
9060 0
9061 1
9062 2
9063 1
9064 2
9065 1
9066 0
9067 -1
9068 0
9069 1
9070 0
9071 -1
9072 -2
9073 -1
9074 -2
9075 -1
9076 -2
9077 -3
9078 -2
9079 -3
9080 -4
9081 -3
9082 -4
9083 -3
9084 -2
9085 -1
9086 0
9087 -1
9088 0
9089 1
9090 0
9091 1
9092 2
9093 3
9094 4
9095 3
9096 2
9097 1
9098 2
9099 3
9100 2
9101 3
9102 2
9103 1
9104 2
9105 1
9106 2
9107 3
9108 4
9109 5
9110 6
9111 5
9112 4
9113 5
9114 6
9115 5
9116 4
9117 3
9118 4
9119 5
9120 4
9121 3
9122 4
9123 5
9124 6
9125 5
9126 4
9127 3
9128 2
9129 1
9130 0
9131 -1
9132 -2
9133 -3
9134 -2
9135 -3
9136 -4
9137 -5
9138 -4
9139 -3
9140 -2
9141 -3
9142 -2
9143 -1
9144 -2
9145 -3
9146 -2
9147 -1
9148 -2
9149 -1
9150 0
9151 1
9152 0
9153 1
9154 2
9155 3
9156 2
9157 3
9158 2
9159 1
9160 0
9161 1
9162 2
9163 1
9164 2
9165 1
9166 2
9167 3
9168 4
9169 5
9170 4
9171 5
9172 4
9173 5
9174 4
9175 5
9176 4
9177 5
9178 4
9179 5
9180 4
9181 5
9182 4
9183 5
9184 4
9185 5
9186 4
9187 3
9188 2
9189 1
9190 0
9191 -1
9192 -2
9193 -1
9194 -2
9195 -3
9196 -4
9197 -5
9198 -4
9199 -3
9200 -4
9201 -5
9202 -6
9203 -7
9204 -8
9205 -7
9206 -8
9207 -7
9208 -8
9209 -9
9210 -8
9211 -7
9212 -6
9213 -7
9214 -8
9215 -9
9216 -8
9217 -9
9218 -8
9219 -9
9220 -8
9221 -9
9222 -10
9223 -9
9224 -10
9225 -9
9226 -8
9227 -7
9228 -8
9229 -9
9230 -10
9231 -9
9232 -8
9233 -9
9234 -10
9235 -9
9236 -10
9237 -9
9238 -8
9239 -9
9240 -10
9241 -11
9242 -12
9243 -11
9244 -12
9245 -13
9246 -12
9247 -13
9248 -14
9249 -15
9250 -16
9251 -15
9252 -14
9253 -13
9254 -14
9255 -15
9256 -14
9257 -13
9258 -14
9259 -15
9260 -16
9261 -17
9262 -16
9263 -17
9264 -16
9265 -15
9266 -16
9267 -17
9268 -18
9269 -17
9270 -18
9271 -19
9272 -18
9273 -17
9274 -16
9275 -17
9276 -18
9277 -17
9278 -18
9279 -19
9280 -20
9281 -19
9282 -20
9283 -19
9284 -18
9285 -17
9286 -18
9287 -17
9288 -18
9289 -19
9290 -20
9291 -19
9292 -18
9293 -17
9294 -16
9295 -17
9296 -18
9297 -17
9298 -16
9299 -17
9300 -18
9301 -19
9302 -18
9303 -17
9304 -18
9305 -17
9306 -16
9307 -17
9308 -18
9309 -19
9310 -20
9311 -21
9312 -22
9313 -23
9314 -22
9315 -21
9316 -20
9317 -21
9318 -22
9319 -23
9320 -22
9321 -21
9322 -20
9323 -19
9324 -18
9325 -17
9326 -18
9327 -17
9328 -18
9329 -19
9330 -20
9331 -19
9332 -18
9333 -19
9334 -20
9335 -21
9336 -20
9337 -21
9338 -22
9339 -21
9340 -22
9341 -21
9342 -22
9343 -23
9344 -22
9345 -21
9346 -20
9347 -19
9348 -20
9349 -21
9350 -22
9351 -23
9352 -24
9353 -23
9354 -22
9355 -21
9356 -20
9357 -19
9358 -20
9359 -19
9360 -18
9361 -19
9362 -18
9363 -17
9364 -16
9365 -15
9366 -16
9367 -15
9368 -14
9369 -13
9370 -12
9371 -11
9372 -12
9373 -13
9374 -12
9375 -11
9376 -12
9377 -11
9378 -12
9379 -11
9380 -10
9381 -11
9382 -12
9383 -13
9384 -12
9385 -13
9386 -14
9387 -15
9388 -16
9389 -17
9390 -18
9391 -19
9392 -18
9393 -17
9394 -18
9395 -19
9396 -18
9397 -17
9398 -16
9399 -17
9400 -18
9401 -17
9402 -16
9403 -15
9404 -16
9405 -17
9406 -18
9407 -19
9408 -18
9409 -17
9410 -18
9411 -19
9412 -20
9413 -21
9414 -22
9415 -23
9416 -24
9417 -23
9418 -22
9419 -21
9420 -22
9421 -23
9422 -24
9423 -23
9424 -22
9425 -21
9426 -20
9427 -21
9428 -20
9429 -19
9430 -20
9431 -19
9432 -18
9433 -19
9434 -20
9435 -21
9436 -22
9437 -23
9438 -24
9439 -25
9440 -26
9441 -25
9442 -26
9443 -27
9444 -26
9445 -27
9446 -28
9447 -29
9448 -28
9449 -29
9450 -30
9451 -29
9452 -28
9453 -29
9454 -30
9455 -31
9456 -32
9457 -31
9458 -30
9459 -31
9460 -30
9461 -31
9462 -30
9463 -29
9464 -30
9465 -31
9466 -30
9467 -29
9468 -30
9469 -31
9470 -30
9471 -29
9472 -28
9473 -27
9474 -26
9475 -25
9476 -26
9477 -25
9478 -26
9479 -27
9480 -26
9481 -27
9482 -26
9483 -27
9484 -28
9485 -29
9486 -28
9487 -27
9488 -28
9489 -27
9490 -26
9491 -27
9492 -26
9493 -25
9494 -26
9495 -25
9496 -26
9497 -25
9498 -26
9499 -27
9500 -28
9501 -27
9502 -28
9503 -29
9504 -28
9505 -29
9506 -30
9507 -29
9508 -30
9509 -29
9510 -30
9511 -31
9512 -30
9513 -29
9514 -30
9515 -29
9516 -28
9517 -27
9518 -28
9519 -27
9520 -28
9521 -27
9522 -26
9523 -25
9524 -26
9525 -27
9526 -26
9527 -25
9528 -26
9529 -25
9530 -24
9531 -25
9532 -24
9533 -23
9534 -22
9535 -23
9536 -24
9537 -23
9538 -24
9539 -23
9540 -22
9541 -23
9542 -22
9543 -23
9544 -24
9545 -25
9546 -26
9547 -25
9548 -24
9549 -25
9550 -24
9551 -25
9552 -26
9553 -27
9554 -26
9555 -25
9556 -26
9557 -27
9558 -26
9559 -27
9560 -28
9561 -29
9562 -28
9563 -29
9564 -28
9565 -29
9566 -28
9567 -27
9568 -28
9569 -29
9570 -30
9571 -31
9572 -32
9573 -33
9574 -32
9575 -31
9576 -30
9577 -29
9578 -28
9579 -27
9580 -26
9581 -25
9582 -24
9583 -25
9584 -24
9585 -23
9586 -22
9587 -23
9588 -24
9589 -25
9590 -26
9591 -25
9592 -24
9593 -23
9594 -24
9595 -25
9596 -24
9597 -25
9598 -24
9599 -25
9600 -24
9601 -23
9602 -22
9603 -23
9604 -22
9605 -21
9606 -20
9607 -19
9608 -20
9609 -21
9610 -22
9611 -21
9612 -22
9613 -21
9614 -22
9615 -23
9616 -22
9617 -21
9618 -20
9619 -19
9620 -20
9621 -19
9622 -20
9623 -19
9624 -18
9625 -19
9626 -18
9627 -17
9628 -16
9629 -17
9630 -16
9631 -17
9632 -16
9633 -15
9634 -14
9635 -15
9636 -14
9637 -13
9638 -12
9639 -11
9640 -10
9641 -11
9642 -12
9643 -11
9644 -10
9645 -9
9646 -8
9647 -9
9648 -8
9649 -7
9650 -6
9651 -5
9652 -6
9653 -7
9654 -8
9655 -9
9656 -8
9657 -9
9658 -10
9659 -9
9660 -10
9661 -9
9662 -8
9663 -9
9664 -8
9665 -7
9666 -8
9667 -7
9668 -8
9669 -9
9670 -10
9671 -11
9672 -12
9673 -13
9674 -12
9675 -13
9676 -12
9677 -13
9678 -14
9679 -13
9680 -12
9681 -13
9682 -14
9683 -13
9684 -14
9685 -15
9686 -16
9687 -15
9688 -16
9689 -15
9690 -14
9691 -13
9692 -14
9693 -13
9694 -14
9695 -13
9696 -12
9697 -13
9698 -12
9699 -11
9700 -10
9701 -11
9702 -10
9703 -11
9704 -12
9705 -13
9706 -14
9707 -15
9708 -14
9709 -15
9710 -14
9711 -13
9712 -14
9713 -13
9714 -14
9715 -15
9716 -14
9717 -15
9718 -14
9719 -13
9720 -14
9721 -15
9722 -16
9723 -17
9724 -16
9725 -17
9726 -18
9727 -17
9728 -16
9729 -15
9730 -16
9731 -17
9732 -18
9733 -17
9734 -16
9735 -17
9736 -18
9737 -19
9738 -20
9739 -19
9740 -20
9741 -19
9742 -20
9743 -21
9744 -22
9745 -23
9746 -22
9747 -23
9748 -24
9749 -25
9750 -24
9751 -23
9752 -24
9753 -25
9754 -26
9755 -27
9756 -28
9757 -29
9758 -30
9759 -29
9760 -28
9761 -29
9762 -28
9763 -29
9764 -30
9765 -31
9766 -30
9767 -29
9768 -30
9769 -29
9770 -28
9771 -29
9772 -30
9773 -29
9774 -30
9775 -31
9776 -32
9777 -31
9778 -32
9779 -33
9780 -34
9781 -33
9782 -32
9783 -31
9784 -32
9785 -31
9786 -30
9787 -31
9788 -32
9789 -31
9790 -32
9791 -31
9792 -32
9793 -33
9794 -34
9795 -33
9796 -32
9797 -33
9798 -34
9799 -35
9800 -34
9801 -33
9802 -32
9803 -31
9804 -30
9805 -31
9806 -30
9807 -29
9808 -30
9809 -29
9810 -30
9811 -31
9812 -32
9813 -31
9814 -30
9815 -31
9816 -30
9817 -29
9818 -30
9819 -31
9820 -30
9821 -29
9822 -30
9823 -29
9824 -30
9825 -31
9826 -30
9827 -31
9828 -30
9829 -31
9830 -30
9831 -29
9832 -28
9833 -29
9834 -28
9835 -29
9836 -30
9837 -29
9838 -28
9839 -27
9840 -26
9841 -27
9842 -28
9843 -29
9844 -28
9845 -27
9846 -26
9847 -25
9848 -24
9849 -25
9850 -24
9851 -25
9852 -26
9853 -27
9854 -26
9855 -25
9856 -26
9857 -27
9858 -26
9859 -25
9860 -26
9861 -27
9862 -28
9863 -27
9864 -26
9865 -27
9866 -28
9867 -29
9868 -30
9869 -31
9870 -30
9871 -31
9872 -30
9873 -29
9874 -28
9875 -27
9876 -26
9877 -27
9878 -28
9879 -29
9880 -28
9881 -29
9882 -28
9883 -29
9884 -28
9885 -29
9886 -30
9887 -31
9888 -30
9889 -29
9890 -30
9891 -31
9892 -30
9893 -29
9894 -30
9895 -31
9896 -30
9897 -31
9898 -32
9899 -33
9900 -34
9901 -33
9902 -32
9903 -31
9904 -30
9905 -31
9906 -30
9907 -31
9908 -32
9909 -33
9910 -32
9911 -31
9912 -30
9913 -29
9914 -28
9915 -29
9916 -30
9917 -31
9918 -30
9919 -31
9920 -30
9921 -29
9922 -28
9923 -27
9924 -26
9925 -27
9926 -28
9927 -27
9928 -26
9929 -27
9930 -26
9931 -27
9932 -26
9933 -25
9934 -24
9935 -25
9936 -24
9937 -25
9938 -24
9939 -25
9940 -26
9941 -27
9942 -26
9943 -25
9944 -24
9945 -25
9946 -24
9947 -23
9948 -22
9949 -23
9950 -24
9951 -25
9952 -26
9953 -25
9954 -26
9955 -27
9956 -26
9957 -25
9958 -24
9959 -25
9960 -24
9961 -23
9962 -24
9963 -23
9964 -22
9965 -23
9966 -24
9967 -23
9968 -24
9969 -23
9970 -22
9971 -21
9972 -20
9973 -19
9974 -18
9975 -17
9976 -16
9977 -17
9978 -18
9979 -17
9980 -18
9981 -19
9982 -20
9983 -19
9984 -18
9985 -17
9986 -16
9987 -15
9988 -14
9989 -15
9990 -14
9991 -15
9992 -16
9993 -17
9994 -16
9995 -15
9996 -14
9997 -13
9998 -14
9999 -13
