420
2.5151 0.012867
-2.32335 0.0315981
-2.80349 0.274659
0.677123 0.0280307
-3.25169 0.182549
-0.760443 0.0181728
3.2338 0.0236418
-2.34387 0.147795
1.32936 0.174563
-1.40826 0.0458538
0.119409 0.30678
-0.589009 0.13545
0.234643 0.0329026
-1.88774 0.112003
0.809468 0.0638216
0.622328 0.0553296
-0.36212 0.101443
2.55634 0.0392479
1.957 0.0154493
0.11477 0.0375715
-1.56969 0.301304
-0.717348 0.106242
-2.2933 0.115615
1.07788 0.116093
-3.22187 0.0443666
-1.20521 0.00440784
-1.50973 0.189313
2.75709 0.078259
-0.188709 0.0137701
-0.0216599 0.136684
-0.649006 0.245731
-0.504892 0.357668
-1.03662 0.106084
0.439009 0.0798892
-2.32223 0.037534
1.35591 0.153844
-0.52633 0.500419
0.179421 0.155189
0.334611 0.0379428
0.73807 0.0379043
-0.172804 0.150202
0.865374 0.0560376
0.593409 0.0274061
-0.431408 0.0567684
-1.11885 0.161191
-0.0163979 0.0138999
-1.17822 0.12099
-0.134147 0.0772958
1.72622 0.0388269
0.239876 0.0374199
-0.35201 0.0468525
1.42673 0.0844892
-0.747693 0.00607188
0.381079 0.0429063
2.27742 0.0393195
0.404514 0.0501307
0.39992 0.162697
2.28484 0.209596
-3.84564 0.135553
3.01064 0.208246
-0.70844 0.0149914
-0.829 0.0162627
1.20107 0.104295
0.994464 0.0396855
-3.52244 0.0527936
-1.3802 0.0371102
-1.14346 0.0564713
1.39221 0.0227103
-0.131456 0.0406486
-0.366911 0.0236129
-0.827506 0.147059
-2.16927 0.00792395
2.89887 0.0327577
-0.459461 0.0182932
-2.08349 0.0106282
1.32296 0.1176
1.56743 0.0188828
-1.62108 0.266648
-0.0303822 0.109679
0.275852 0.247229
-0.84537 0.161712
-0.271795 0.0026357
2.58269 0.105482
1.1116 0.231755
-0.206852 0.121277
2.96382 0.220624
-0.912037 0.0632951
0.60991 0.140408
0.305141 0.0489543
0.010842 0.125493
-2.36669 0.0525946
-1.48599 0.198816
-0.644688 0.0444515
-2.60129 0.0661687
-2.34041 0.0467831
1.17316 0.138646
-0.32491 0.0661917
1.79086 0.0249253
3.35428 0.062824
-3.18805 0.0511304
-0.433076 0.143119
1.68106 0.00603935
-0.824814 0.194768
1.6984 0.106011
-1.2778 0.0493612
3.06094 0.0227027
-2.36943 0.0941285
1.55868 0.028298
-1.07506 0.187595
2.40344 0.00626125
-1.08721 0.0720779
-0.493981 0.166236
-1.41397 0.092949
-0.293121 0.0306308
1.70389 0.100261
1.17524 0.0199734
-0.00164503 0.0907646
0.0449347 0.204694
-0.303176 0.106167
-3.20644 0.182815
1.7013 0.169789
-1.44594 0.214947
-0.427418 0.0381777
-0.878823 0.308617
-1.56699 0.00286703
-0.571043 0.027806
-2.31984 0.196739
0.611726 0.165683
-0.829882 0.0599775
-0.437908 0.0853638
-0.510533 0.0354958
0.47717 0.0111457
1.71781 0.0951234
-2.90949 0.165548
-2.56041 0.0868619
-0.680859 0.0741097
-1.16479 0.0387984
2.39188 0.296559
-1.57703 0.0450647
1.57009 0.103728
1.03237 0.147229
0.39188 0.115994
-2.84716 0.0486232
0.429414 0.0978276
-0.496124 0.0189256
-0.50456 0.111768
-1.13968 0.1477
3.20482 0.0395434
-1.63988 0.256162
0.279431 0.0177912
0.654739 0.0402348
-1.76325 0.064356
-0.685249 0.0401688
2.34251 0.00677918
-3.47266 0.157417
-1.03604 0.0335556
-1.86887 0.00494632
-0.221474 0.00584901
-3.14964 0.0650354
-0.116575 0.0192688
1.88349 0.0770188
-0.532949 0.0425775
-0.900564 0.0120685
-0.999997 0.122574
2.10895 0.0123834
-0.0210316 0.120097
-0.9672 0.0306113
-0.50812 0.0827673
1.93204 0.179455
-0.116583 0.0846843
-0.843156 0.242215
0.996044 0.13641
-3.78425 0.000384001
-3.197 0.0938576
1.53001 0.12437
-0.0884115 0.129626
1.46086 0.0224509
0.645157 0.0237512
-1.51407 0.0617904
-2.609 0.0365442
-0.412322 0.240513
-2.75295 0.0456964
2.98967 0.102472
-0.894931 0.0294882
-0.507059 0.0285881
0.454975 0.0669164
1.02112 0.0283847
-1.25732 0.0470776
2.08605 0.0033453
0.872871 0.0435746
1.98734 0.051776
-0.299995 0.236574
-1.78749 0.0757219
2.23576 0.027748
-0.152327 0.0753053
3.16777 0.032656
-0.299594 0.0142619
0.559233 0.331844
0.489655 0.0129361
-1.20013 0.375511
0.0489028 0.00615725
2.33594 0.0260648
-0.0293295 0.156905
0.968909 0.0525508
-1.25795 0.0451897
-0.181105 0.0182483
-0.746198 0.230534
0.122262 0.0181472
1.83019 0.0225877
0.960155 0.306383
-0.247222 0.022295
0.598701 0.00059961
0.471365 0.0446669
2.29417 0.0524563
-0.115082 0.113573
1.58406 0.0976899
1.71051 0.0318197
-2.97249 0.143226
2.95715 0.00475612
-0.176261 0.0705701
-2.25046 0.275035
0.0914943 0.0688615
-0.140864 0.124556
0.23157 0.100855
-0.0546646 0.0310594
1.77255 0.075163
-2.92784 0.0210185
-1.79116 0.204702
-0.619419 0.150776
-0.263491 0.0716641
-0.503987 0.00444322
-0.429924 0.0525871
3.39235 0.114867
-2.57713 0.0602907
1.35252 0.0488367
1.02458 0.0169059
-1.97505 0.029562
-1.24195 0.00298531
0.740146 0.143761
1.66793 0.132088
-0.801477 0.0196451
1.99428 0.00249094
-0.0508585 0.280838
-1.02067 0.0281531
-1.34218 0.0302018
-2.47226 0.00609771
-1.24699 0.0291961
-2.82112 0.0386863
1.72175 0.107419
-0.276716 0.178019
0.513418 0.20957
-2.56754 0.164089
2.90639 0.0336254
-1.25016 0.109495
0.506896 0.104495
-0.18013 0.0775159
0.123854 0.0972044
0.440788 0.0937939
1.22344 0.0251157
-0.570852 0.0930865
0.189894 0.0144525
-0.290552 0.124322
-2.13657 0.0660502
1.7647 0.174745
0.548512 0.0116158
2.95359 0.10865
0.388598 0.0753584
-0.341358 0.212636
-1.042 0.0388931
-1.94816 0.217057
-0.200343 0.420635
0.359117 0.0497658
-2.67438 0.197516
1.64473 0.138166
3.07294 0.129363
-0.141356 0.115206
2.57379 0.0308682
0.649789 0.268652
0.282146 0.170059
0.632254 0.213894
2.96916 0.0643178
-0.158521 0.0459745
-3.49779 0.0397252
-1.102 0.0132921
0.849101 0.0349749
0.153831 0.0385675
-2.21868 0.234991
1.65332 0.0448759
0.611905 0.00254976
-2.30822 0.00498724
2.49934 0.0412751
-3.02295 0.00407641
-0.646237 0.0820157
0.257691 0.187958
-1.7355 0.17785
-0.932236 0.0912449
0.111388 0.0878401
0.750604 0.0513633
1.74514 0.243076
3.21809 0.204246
-0.142395 0.0855962
1.43646 0.0300179
1.49493 0.103667
-0.120061 0.000757616
1.88576 0.311826
0.522015 0.238096
-1.40694 0.313607
-0.884878 0.0343218
-0.724346 0.0583663
0.422632 0.0667229
-2.54995 0.0462212
-0.200141 0.150821
1.1622 0.00257658
-0.319796 0.0108331
0.749808 0.0110995
0.286024 0.139316
2.30033 0.0231427
1.73068 0.112885
0.407795 0.247583
-0.403377 0.239874
3.68464 0.270942
-0.181918 0.14852
-0.96915 0.00600124
-1.55666 0.117054
2.97773 0.0605349
-1.06184 0.201711
-0.417618 0.377121
-1.66843 0.317496
0.130646 0.0221888
-3.46621 0.214339
1.02262 0.0533148
0.380434 0.0221777
-0.403236 0.219941
-0.692733 0.247238
0.909408 0.252682
-0.690481 0.493356
-0.525844 0.0361279
0.743797 0.013125
1.44102 0.00561008
-3.21846 0.212113
1.16388 0.673592
0.094512 0.313084
1.34336 0.138449
3.53471 0.240564
-0.726534 0.0578934
-0.0394337 0.000396755
-2.96775 0.0265245
2.60774 0.0372817
-3.28982 0.0277105
-1.42601 0.175964
1.18523 0.151932
-0.972667 0.0132879
-0.276564 0.165388
-2.89537 0.00150107
0.175613 0.159987
-0.630078 0.0121027
0.917213 0.147022
-0.013828 0.107949
-1.97339 0.0205555
2.70722 0.0203618
1.21375 0.174874
-1.60644 0.114744
-1.03578 0.101632
2.42715 0.361829
0.563104 0.144897
-0.0675473 0.055544
-3.35716 0.162904
-0.652549 0.0204119
1.06688 0.0472567
-0.253767 0.298529
0.0560052 0.039866
-0.338081 0.037978
1.51278 0.00198902
-1.27339 0.00116686
0.463218 0.0550883
1.01394 0.0511428
-1.57361 0.0168605
1.06743 0.244678
-2.64242 0.0786921
-0.901225 0.00945184
-2.18782 0.0235459
0.715619 0.0305431
-0.860639 0.106966
-1.6307 0.082041
-2.80301 0.0198463
-0.766545 0.48689
0.223423 0.0576945
-0.826613 0.106135
0.55215 0.0581632
0.674908 0.04531
-1.13205 0.0190353
-1.06408 0.094806
-0.814749 0.0758953
-0.0365041 0.25826
-1.56779 0.0879409
-0.180839 0.0542357
-3.5727 0.000294032
-1.81286 0.0308002
2.70153 0.168773
1.5547 0.127201
-1.40312 0.162131
1.88695 0.185066
-1.95057 0.0965054
0.943509 0.0236821
-0.295508 0.189359
-0.976582 0.0649017
0.183401 0.272995
-2.31398 0.0399499
-0.389841 0.0180356
-2.77005 0.0954178
1.88973 0.0191769
-0.402058 0.077676
-1.52746 0.0877438
-2.43068 0.0545135
0.505897 0.0838683
-2.54719 0.179236
0.607942 0.0954175
-2.48861 0.083198
-1.28013 0.151055
-1.81303 0.0938853
