0 0
1 -1
2 0
3 1
4 2
5 3
6 2
7 1
8 2
9 3
10 4
11 3
12 4
13 3
14 4
15 5
16 4
17 3
18 4
19 5
20 4
21 5
22 4
23 3
24 2
25 1
26 0
27 -1
28 -2
29 -3
30 -4
31 -5
32 -6
33 -5
34 -4
35 -3
36 -4
37 -5
38 -4
39 -3
40 -2
41 -1
42 -2
43 -1
44 0
45 -1
46 -2
47 -3
48 -2
49 -3
50 -2
51 -3
52 -4
53 -3
54 -2
55 -3
56 -2
57 -3
58 -4
59 -5
60 -6
61 -5
62 -4
63 -5
64 -4
65 -5
66 -4
67 -3
68 -4
69 -3
70 -4
71 -5
72 -4
73 -5
74 -6
75 -5
76 -4
77 -3
78 -4
79 -5
80 -4
81 -3
82 -4
83 -3
84 -2
85 -1
86 0
87 1
88 0
89 1
90 0
91 -1
92 -2
93 -1
94 0
95 -1
96 -2
97 -1
98 -2
99 -3
100 -2
101 -3
102 -2
103 -1
104 0
105 -1
106 -2
107 -3
108 -2
109 -1
110 0
111 -1
112 -2
113 -1
114 -2
115 -3
116 -2
117 -1
118 0
119 -1
120 0
121 -1
122 0
123 1
124 2
125 1
126 0
127 -1
128 0
129 -1
130 -2
131 -3
132 -4
133 -5
134 -4
135 -3
136 -4
137 -5
138 -4
139 -3
140 -2
141 -1
142 0
143 -1
144 0
145 1
146 0
147 1
148 0
149 1
150 0
151 -1
152 0
153 1
154 0
155 1
156 2
157 3
158 2
159 3
160 4
161 3
162 4
163 5
164 4
165 3
166 4
167 3
168 2
169 3
170 2
171 3
172 2
173 1
174 2
175 1
176 2
177 3
178 4
179 5
180 6
181 7
182 8
183 9
184 8
185 9
186 10
187 9
188 8
189 7
190 8
191 9
192 8
193 7
194 6
195 7
196 6
197 7
198 8
199 7
200 8
201 7
202 8
203 9
204 8
205 7
206 6
207 7
208 6
209 7
210 6
211 7
212 8
213 7
214 6
215 7
216 6
217 5
218 6
219 5
220 4
221 5
222 4
223 3
224 4
225 5
226 4
227 3
228 2
229 3
230 4
231 5
232 4
233 3
234 2
235 3
236 2
237 3
238 2
239 3
240 2
241 1
242 2
243 3
244 4
245 5
246 6
247 7
248 6
249 5
250 6
251 7
252 6
253 7
254 6
255 7
256 8
257 9
258 8
259 7
260 6
261 7
262 6
263 5
264 4
265 5
266 4
267 3
268 2
269 1
270 0
271 1
272 2
273 3
274 4
275 5
276 6
277 5
278 4
279 3
280 2
281 3
282 4
283 5
284 6
285 7
286 6
287 5
288 4
289 5
290 4
291 5
292 6
293 5
294 6
295 5
296 6
297 7
298 6
299 5
300 4
301 3
302 4
303 3
304 2
305 3
306 4
307 3
308 4
309 3
310 2
311 3
312 4
313 3
314 2
315 3
316 4
317 5
318 6
319 7
320 6
321 5
322 4
323 3
324 4
325 3
326 4
327 5
328 6
329 5
330 4
331 3
332 4
333 5
334 4
335 5
336 6
337 5
338 4
339 3
340 2
341 1
342 2
343 1
344 2
345 1
346 2
347 1
348 0
349 1
350 2
351 3
352 2
353 3
354 4
355 3
356 4
357 3
358 4
359 3
360 4
361 5
362 4
363 5
364 4
365 3
366 2
367 1
368 2
369 3
370 2
371 1
372 0
373 1
374 2
375 3
376 4
377 3
378 2
379 3
380 2
381 3
382 2
383 3
384 2
385 1
386 0
387 1
388 0
389 -1
390 -2
391 -1
392 0
393 1
394 2
395 1
396 0
397 -1
398 0
399 1
400 2
401 3
402 4
403 3
404 2
405 1
406 2
407 3
408 4
409 3
410 2
411 3
412 2
413 1
414 2
415 3
416 4
417 5
418 6
419 7
420 6
421 5
422 6
423 7
424 6
425 5
426 6
427 5
428 6
429 7
430 8
431 7
432 8
433 9
434 8
435 9
436 8
437 7
438 6
439 5
440 4
441 3
442 4
443 5
444 6
445 5
446 4
447 3
448 2
449 1
450 0
451 -1
452 -2
453 -3
454 -2
455 -1
456 -2
457 -1
458 -2
459 -1
460 0
461 1
462 0
463 1
464 0
465 1
466 0
467 -1
468 0
469 1
470 2
471 1
472 0
473 -1
474 0
475 -1
476 -2
477 -3
478 -2
479 -3
480 -4
481 -5
482 -4
483 -5
484 -4
485 -3
486 -2
487 -3
488 -4
489 -3
490 -2
491 -3
492 -4
493 -5
494 -6
495 -7
496 -6
497 -5
498 -6
499 -7
500 -8
501 -7
502 -8
503 -9
504 -8
505 -7
506 -6
507 -5
508 -6
509 -5
510 -6
511 -5
512 -6
513 -5
514 -4
515 -5
516 -6
517 -7
518 -6
519 -5
520 -6
521 -5
522 -6
523 -7
524 -8
525 -9
526 -10
527 -11
528 -12
529 -13
530 -14
531 -13
532 -14
533 -13
534 -12
535 -11
536 -10
537 -9
538 -8
539 -7
540 -8
541 -9
542 -8
543 -7
544 -6
545 -5
546 -4
547 -3
548 -2
549 -1
550 -2
551 -3
552 -2
553 -1
554 -2
555 -1
556 0
557 -1
558 0
559 -1
560 0
561 1
562 2
563 3
564 4
565 5
566 4
567 3
568 4
569 3
570 4
571 3
572 2
573 3
574 2
575 1
576 2
577 3
578 4
579 3
580 4
581 5
582 6
583 5
584 6
585 5
586 6
587 5
588 6
589 5
590 6
591 7
592 8
593 7
594 8
595 7
596 6
597 7
598 6
599 5
600 4
601 3
602 4
603 5
604 6
605 7
606 6
607 7
608 6
609 5
610 6
611 7
612 6
613 5
614 6
615 7
616 6
617 5
618 4
619 3
620 4
621 5
622 4
623 3
624 4
625 3
626 2
627 1
628 2
629 1
630 2
631 3
632 4
633 3
634 2
635 1
636 0
637 1
638 0
639 1
640 0
641 1
642 0
643 -1
644 0
645 -1
646 -2
647 -3
648 -4
649 -3
650 -2
651 -1
652 -2
653 -1
654 0
655 -1
656 -2
657 -1
658 0
659 1
660 2
661 3
662 4
663 5
664 6
665 5
666 4
667 5
668 4
669 5
670 6
671 5
672 6
673 5
674 6
675 7
676 6
677 5
678 4
679 5
680 4
681 5
682 6
683 5
684 6
685 7
686 8
687 9
688 8
689 9
690 8
691 7
692 8
693 9
694 10
695 9
696 10
697 9
698 8
699 9
700 8
701 7
702 8
703 7
704 8
705 9
706 10
707 9
708 10
709 11
710 12
711 11
712 12
713 13
714 12
715 11
716 10
717 9
718 8
719 7
720 8
721 7
722 8
723 9
724 10
725 9
726 10
727 11
728 12
729 13
730 12
731 13
732 12
733 13
734 12
735 13
736 12
737 13
738 12
739 13
740 12
741 13
742 14
743 13
744 14
745 13
746 14
747 15
748 14
749 13
750 12
751 13
752 12
753 13
754 14
755 15
756 16
757 17
758 18
759 17
760 16
761 17
762 18
763 19
764 18
765 19
766 18
767 19
768 18
769 19
770 20
771 21
772 22
773 21
774 20
775 19
776 20
777 21
778 22
779 23
780 24
781 23
782 24
783 23
784 24
785 23
786 22
787 21
788 20
789 19
790 20
791 21
792 22
793 23
794 22
795 23
796 24
797 23
798 24
799 25
800 26
801 27
802 26
803 27
804 26
805 27
806 26
807 27
808 28
809 27
810 26
811 27
812 26
813 27
814 26
815 27
816 26
817 27
818 26
819 27
820 28
821 29
822 28
823 27
824 28
825 27
826 28
827 27
828 28
829 29
830 28
831 29
832 30
833 29
834 30
835 31
836 30
837 31
838 32
839 31
840 32
841 31
842 30
843 31
844 30
845 31
846 32
847 33
848 34
849 35
850 34
851 35
852 34
853 33
854 32
855 33
856 34
857 33
858 34
859 33
860 32
861 33
862 32
863 33
864 32
865 33
866 34
867 35
868 34
869 35
870 34
871 35
872 34
873 35
874 34
875 35
876 34
877 33
878 34
879 35
880 34
881 35
882 34
883 35
884 36
885 35
886 36
887 35
888 36
889 37
890 36
891 37
892 38
893 37
894 36
895 37
896 36
897 35
898 34
899 35
900 34
901 35
902 36
903 37
904 38
905 39
906 40
907 41
908 40
909 41
910 42
911 43
912 42
913 43
914 42
915 41
916 40
917 41
918 40
919 39
920 38
921 39
922 40
923 41
924 40
925 39
926 40
927 39
928 38
929 39
930 38
931 37
932 36
933 37
934 38
935 37
936 36
937 37
938 38
939 39
940 40
941 41
942 42
943 43
944 44
945 45
946 46
947 47
948 48
949 47
950 48
951 49
952 48
953 49
954 50
955 49
956 48
957 47
958 48
959 47
960 48
961 47
962 48
963 47
964 46
965 45
966 46
967 47
968 46
969 47
970 48
971 49
972 50
973 51
974 52
975 51
976 52
977 53
978 52
979 53
980 54
981 53
982 52
983 53
984 54
985 55
986 54
987 55
988 56
989 55
990 54
991 55
992 54
993 53
994 54
995 55
996 56
997 55
998 56
999 55
1000 56
1001 57
1002 58
1003 59
1004 58
1005 59
1006 58
1007 57
1008 58
1009 59
1010 58
1011 59
1012 58
1013 59
1014 60
1015 59
1016 58
1017 59
1018 58
1019 59
1020 60
1021 59
1022 58
1023 57
1024 58
1025 57
1026 58
1027 59
1028 58
1029 57
1030 58
1031 57
1032 58
1033 59
1034 58
1035 57
1036 58
1037 59
1038 60
1039 59
1040 58
1041 57
1042 56
1043 55
1044 56
1045 57
1046 58
1047 59
1048 60
1049 61
1050 60
1051 61
1052 60
1053 61
1054 60
1055 59
1056 60
1057 61
1058 62
1059 61
1060 62
1061 63
1062 62
1063 63
1064 62
1065 63
1066 64
1067 63
1068 62
1069 61
1070 62
1071 63
1072 64
1073 63
1074 64
1075 65
1076 66
1077 65
1078 66
1079 67
1080 66
1081 65
1082 66
1083 65
1084 64
1085 63
1086 64
1087 63
1088 64
1089 63
1090 64
1091 65
1092 66
1093 67
1094 66
1095 65
1096 64
1097 63
1098 64
1099 63
1100 62
1101 61
1102 62
1103 63
1104 64
1105 65
1106 66
1107 67
1108 66
1109 67
1110 68
1111 67
1112 66
1113 67
1114 68
1115 67
1116 66
1117 67
1118 66
1119 67
1120 68
1121 67
1122 68
1123 69
1124 68
1125 69
1126 70
1127 69
1128 68
1129 67
1130 68
1131 69
1132 70
1133 69
1134 70
1135 71
1136 72
1137 71
1138 70
1139 69
1140 68
1141 69
1142 70
1143 71
1144 70
1145 71
1146 70
1147 71
1148 72
1149 71
1150 72
1151 71
1152 70
1153 69
1154 68
1155 69
1156 70
1157 69
1158 68
1159 67
1160 68
1161 67
1162 68
1163 67
1164 68
1165 67
1166 68
1167 69
1168 70
1169 69
1170 70
1171 69
1172 68
1173 69
1174 68
1175 69
1176 68
1177 67
1178 68
1179 67
1180 66
1181 65
1182 64
1183 63
1184 64
1185 63
1186 64
1187 65
1188 64
1189 63
1190 64
1191 63
1192 62
1193 63
1194 64
1195 65
1196 64
1197 65
1198 66
1199 65
1200 64
1201 65
1202 64
1203 63
1204 64
1205 63
1206 62
1207 61
1208 62
1209 63
1210 62
1211 61
1212 60
1213 59
1214 60
1215 59
1216 58
1217 57
1218 58
1219 57
1220 56
1221 57
1222 58
1223 57
1224 56
1225 55
1226 56
1227 55
1228 56
1229 57
1230 56
1231 55
1232 56
1233 55
1234 56
1235 57
1236 58
1237 57
1238 58
1239 59
1240 58
1241 57
1242 56
1243 55
1244 56
1245 57
1246 56
1247 55
1248 54
1249 55
1250 54
1251 55
1252 54
1253 53
1254 54
1255 55
1256 56
1257 55
1258 56
1259 57
1260 58
1261 57
1262 58
1263 59
1264 60
1265 59
1266 58
1267 59
1268 60
1269 61
1270 60
1271 61
1272 62
1273 63
1274 62
1275 61
1276 60
1277 61
1278 60
1279 59
1280 60
1281 59
1282 60
1283 61
1284 62
1285 61
1286 60
1287 61
1288 62
1289 63
1290 62
1291 61
1292 60
1293 61
1294 62
1295 63
1296 64
1297 65
1298 66
1299 67
1300 68
1301 69
1302 68
1303 69
1304 68
1305 67
1306 66
1307 67
1308 66
1309 67
1310 66
1311 65
1312 64
1313 63
1314 64
1315 65
1316 64
1317 63
1318 64
1319 63
1320 62
1321 61
1322 60
1323 61
1324 60
1325 61
1326 60
1327 61
1328 62
1329 61
1330 62
1331 61
1332 60
1333 59
1334 58
1335 57
1336 56
1337 57
1338 56
1339 55
1340 54
1341 55
1342 56
1343 57
1344 56
1345 55
1346 54
1347 55
1348 54
1349 53
1350 54
1351 53
1352 54
1353 55
1354 56
1355 57
1356 56
1357 55
1358 56
1359 55
1360 56
1361 57
1362 58
1363 59
1364 58
1365 59
1366 58
1367 57
1368 58
1369 59
1370 58
1371 57
1372 58
1373 59
1374 60
1375 59
1376 58
1377 59
1378 58
1379 59
1380 58
1381 57
1382 58
1383 59
1384 58
1385 57
1386 58
1387 57
1388 58
1389 59
1390 60
1391 61
1392 62
1393 63
1394 62
1395 63
1396 64
1397 63
1398 64
1399 63
1400 62
1401 63
1402 64
1403 63
1404 62
1405 63
1406 62
1407 61
1408 62
1409 61
1410 62
1411 63
1412 64
1413 65
1414 66
1415 67
1416 66
1417 67
1418 68
1419 67
1420 68
1421 69
1422 70
1423 69
1424 68
1425 69
1426 68
1427 67
1428 68
1429 67
1430 66
1431 67
1432 66
1433 65
1434 64
1435 63
1436 62
1437 63
1438 62
1439 61
1440 62
1441 63
1442 64
1443 65
1444 64
1445 63
1446 64
1447 65
1448 64
1449 65
1450 66
1451 65
1452 64
1453 65
1454 64
1455 63
1456 64
1457 63
1458 64
1459 65
1460 66
1461 67
1462 68
1463 69
1464 68
1465 69
1466 68
1467 67
1468 66
1469 65
1470 64
1471 63
1472 62
1473 61
1474 60
1475 61
1476 60
1477 61
1478 62
1479 61
1480 60
1481 61
1482 62
1483 61
1484 62
1485 61
1486 62
1487 61
1488 62
1489 63
1490 64
1491 63
1492 64
1493 63
1494 64
1495 65
1496 64
1497 63
1498 62
1499 63
1500 62
1501 61
1502 62
1503 63
1504 64
1505 65
1506 64
1507 63
1508 64
1509 65
1510 64
1511 65
1512 64
1513 65
1514 64
1515 63
1516 64
1517 65
1518 64
1519 63
1520 64
1521 65
1522 64
1523 63
1524 62
1525 63
1526 62
1527 63
1528 64
1529 65
1530 66
1531 67
1532 68
1533 67
1534 66
1535 65
1536 66
1537 67
1538 68
1539 69
1540 70
1541 71
1542 70
1543 71
1544 70
1545 71
1546 70
1547 69
1548 68
1549 67
1550 68
1551 69
1552 68
1553 67
1554 66
1555 67
1556 68
1557 69
1558 70
1559 71
1560 70
1561 71
1562 70
1563 71
1564 72
1565 71
1566 72
1567 73
1568 74
1569 75
1570 76
1571 75
1572 76
1573 77
1574 76
1575 77
1576 78
1577 79
1578 78
1579 79
1580 80
1581 81
1582 80
1583 81
1584 80
1585 79
1586 80
1587 81
1588 80
1589 79
1590 78
1591 79
1592 80
1593 79
1594 78
1595 79
1596 80
1597 79
1598 78
1599 79
1600 80
1601 79
1602 78
1603 79
1604 78
1605 79
1606 78
1607 77
1608 78
1609 79
1610 80
1611 79
1612 80
1613 79
1614 80
1615 81
1616 82
1617 83
1618 82
1619 83
1620 84
1621 85
1622 84
1623 85
1624 84
1625 85
1626 86
1627 85
1628 84
1629 85
1630 86
1631 87
1632 86
1633 85
1634 86
1635 87
1636 86
1637 85
1638 86
1639 85
1640 84
1641 83
1642 84
1643 85
1644 84
1645 85
1646 84
1647 85
1648 84
1649 85
1650 84
1651 85
1652 84
1653 85
1654 84
1655 83
1656 82
1657 81
1658 80
1659 81
1660 80
1661 81
1662 82
1663 83
1664 84
1665 83
1666 84
1667 83
1668 84
1669 85
1670 86
1671 87
1672 88
1673 87
1674 88
1675 87
1676 86
1677 85
1678 86
1679 85
1680 86
1681 87
1682 86
1683 87
1684 88
1685 89
1686 88
1687 89
1688 88
1689 89
1690 90
1691 91
1692 92
1693 91
1694 92
1695 91
1696 90
1697 91
1698 92
1699 93
1700 92
1701 91
1702 90
1703 89
1704 90
1705 91
1706 90
1707 89
1708 90
1709 89
1710 88
1711 89
1712 90
1713 89
1714 90
1715 89
1716 90
1717 91
1718 92
1719 91
1720 92
1721 91
1722 92
1723 91
1724 90
1725 89
1726 88
1727 89
1728 90
1729 91
1730 92
1731 93
1732 94
1733 95
1734 96
1735 95
1736 94
1737 95
1738 94
1739 93
1740 94
1741 93
1742 92
1743 93
1744 94
1745 95
1746 94
1747 93
1748 92
1749 93
1750 92
1751 93
1752 92
1753 93
1754 92
1755 91
1756 90
1757 89
1758 90
1759 89
1760 90
1761 89
1762 88
1763 89
1764 90
1765 89
1766 90
1767 91
1768 90
1769 91
1770 92
1771 91
1772 92
1773 91
1774 90
1775 91
1776 90
1777 89
1778 90
1779 89
1780 88
1781 89
1782 90
1783 91
1784 92
1785 91
1786 92
1787 91
1788 92
1789 93
1790 92
1791 93
1792 94
1793 95
1794 96
1795 95
1796 96
1797 95
1798 94
1799 93
1800 92
1801 91
1802 90
1803 91
1804 92
1805 91
1806 90
1807 91
1808 92
1809 91
1810 90
1811 91
1812 92
1813 91
1814 92
1815 93
1816 92
1817 93
1818 92
1819 93
1820 92
1821 91
1822 92
1823 93
1824 94
1825 93
1826 92
1827 93
1828 94
1829 93
1830 94
1831 95
1832 94
1833 95
1834 96
1835 95
1836 96
1837 95
1838 94
1839 93
1840 94
1841 93
1842 94
1843 93
1844 94
1845 95
1846 94
1847 93
1848 94
1849 93
1850 92
1851 91
1852 92
1853 93
1854 94
1855 93
1856 92
1857 91
1858 92
1859 91
1860 92
1861 93
1862 92
1863 93
1864 92
1865 93
1866 94
1867 95
1868 94
1869 95
1870 94
1871 93
1872 94
1873 93
1874 92
1875 93
1876 94
1877 95
1878 94
1879 95
1880 94
1881 93
1882 94
1883 93
1884 94
1885 93
1886 94
1887 95
1888 94
1889 95
1890 96
1891 97
1892 96
1893 95
1894 94
1895 95
1896 96
1897 95
1898 96
1899 95
1900 94
1901 93
1902 92
1903 93
1904 92
1905 91
1906 90
1907 89
1908 90
1909 91
1910 90
1911 89
1912 88
1913 87
1914 88
1915 89
1916 88
1917 87
1918 88
1919 87
1920 86
1921 87
1922 88
1923 89
1924 88
1925 87
1926 86
1927 85
1928 84
1929 85
1930 86
1931 87
1932 86
1933 87
1934 86
1935 87
1936 86
1937 85
1938 86
1939 87
1940 86
1941 87
1942 88
1943 89
1944 90
1945 89
1946 88
1947 89
1948 90
1949 89
1950 90
1951 91
1952 90
1953 89
1954 88
1955 89
1956 88
1957 89
1958 90
1959 91
1960 92
1961 91
1962 90
1963 89
1964 88
1965 87
1966 88
1967 89
1968 88
1969 89
1970 90
1971 91
1972 90
1973 89
1974 90
1975 89
1976 88
1977 89
1978 90
1979 89
1980 88
1981 87
1982 88
1983 87
1984 88
1985 87
1986 86
1987 87
1988 88
1989 87
1990 86
1991 87
1992 86
1993 87
1994 88
1995 87
1996 88
1997 87
1998 88
1999 89
2000 88
2001 89
2002 88
2003 87
2004 88
2005 87
2006 88
2007 87
2008 88
2009 89
2010 88
2011 87
2012 86
2013 87
2014 86
2015 87
2016 86
2017 87
2018 88
2019 89
2020 90
2021 91
2022 92
2023 91
2024 90
2025 89
2026 90
2027 91
2028 90
2029 91
2030 92
2031 91
2032 92
2033 93
2034 92
2035 91
2036 92
2037 93
2038 92
2039 91
2040 90
2041 89
2042 88
2043 89
2044 90
2045 89
2046 88
2047 87
2048 86
2049 87
2050 86
2051 87
2052 88
2053 89
2054 90
2055 89
2056 88
2057 89
2058 90
2059 91
2060 90
2061 89
2062 90
2063 89
2064 90
2065 91
2066 90
2067 89
2068 90
2069 89
2070 90
2071 89
2072 88
2073 89
2074 88
2075 89
2076 88
2077 89
2078 88
2079 87
2080 88
2081 87
2082 86
2083 85
2084 86
2085 87
2086 88
2087 87
2088 88
2089 89
2090 88
2091 87
2092 88
2093 87
2094 86
2095 87
2096 86
2097 85
2098 86
2099 87
2100 88
2101 89
2102 90
2103 91
2104 92
2105 91
2106 92
2107 93
2108 92
2109 91
2110 92
2111 93
2112 94
2113 93
2114 94
2115 95
2116 94
2117 93
2118 94
2119 95
2120 96
2121 97
2122 96
2123 97
2124 98
2125 99
2126 98
2127 97
2128 96
2129 97
2130 98
2131 97
2132 98
2133 97
2134 98
2135 97
2136 98
2137 99
2138 98
2139 99
2140 100
2141 99
2142 100
2143 101
2144 100
2145 101
2146 100
2147 99
2148 100
2149 101
2150 102
2151 101
2152 100
2153 101
2154 100
2155 99
2156 100
2157 99
2158 98
2159 97
2160 98
2161 97
2162 98
2163 97
2164 96
2165 97
2166 96
2167 95
2168 94
2169 93
2170 94
2171 95
2172 96
2173 95
2174 94
2175 93
2176 94
2177 95
2178 94
2179 95
2180 96
2181 95
2182 94
2183 95
2184 96
2185 97
2186 98
2187 99
2188 98
2189 99
2190 98
2191 99
2192 98
2193 99
2194 100
2195 99
2196 100
2197 99
2198 98
2199 99
2200 100
2201 99
2202 100
2203 99
2204 98
2205 97
2206 98
2207 97
2208 96
2209 97
2210 98
2211 97
2212 96
2213 97
2214 96
2215 97
2216 96
2217 97
2218 98
2219 99
2220 100
2221 101
2222 102
2223 101
2224 100
2225 101
2226 100
2227 99
2228 100
2229 101
2230 102
2231 101
2232 102
2233 101
2234 102
2235 103
2236 104
2237 103
2238 102
2239 101
2240 100
2241 101
2242 102
2243 103
2244 102
2245 103
2246 102
2247 101
2248 102
2249 103
2250 104
2251 105
2252 106
2253 105
2254 104
2255 103
2256 102
2257 101
2258 102
2259 103
2260 104
2261 103
2262 104
2263 105
2264 104
2265 103
2266 104
2267 103
2268 102
2269 103
2270 104
2271 103
2272 104
2273 105
2274 104
2275 105
2276 104
2277 103
2278 102
2279 101
2280 102
2281 103
2282 102
2283 103
2284 104
2285 105
2286 106
2287 107
2288 106
2289 105
2290 106
2291 105
2292 106
2293 105
2294 106
2295 105
2296 104
2297 105
2298 104
2299 105
2300 104
2301 105
2302 104
2303 105
2304 106
2305 107
2306 106
2307 105
2308 104
2309 105
2310 106
2311 107
2312 108
2313 107
2314 108
2315 109
2316 110
2317 111
2318 110
2319 111
2320 110
2321 111
2322 112
2323 113
2324 112
2325 113
2326 114
2327 115
2328 114
2329 115
2330 114
2331 115
2332 116
2333 117
2334 116
2335 117
2336 116
2337 115
2338 116
2339 117
2340 116
2341 115
2342 114
2343 113
2344 112
2345 113
2346 114
2347 113
2348 114
2349 113
2350 114
2351 113
2352 114
2353 115
2354 116
2355 115
2356 116
2357 115
2358 116
2359 117
2360 116
2361 117
2362 116
2363 115
2364 114
2365 113
2366 112
2367 111
2368 110
2369 109
2370 108
2371 109
2372 110
2373 111
2374 112
2375 111
2376 112
2377 113
2378 112
2379 113
2380 112
2381 111
2382 112
2383 111
2384 112
2385 113
2386 112
2387 111
2388 110
2389 111
2390 110
2391 111
2392 112
2393 111
2394 112
2395 113
2396 112
2397 111
2398 112
2399 113
2400 112
2401 111
2402 112
2403 113
2404 112
2405 111
2406 110
2407 111
2408 110
2409 111
2410 110
2411 109
2412 110
2413 111
2414 112
2415 111
2416 110
2417 111
2418 110
2419 111
2420 110
2421 111
2422 110
2423 111
2424 112
2425 113
2426 112
2427 113
2428 114
2429 113
2430 112
2431 111
2432 112
2433 111
2434 112
2435 113
2436 114
2437 115
2438 116
2439 115
2440 114
2441 115
2442 116
2443 117
2444 116
2445 117
2446 116
2447 117
2448 116
2449 115
2450 116
2451 115
2452 114
2453 113
2454 112
2455 113
2456 114
2457 113
2458 112
2459 111
2460 110
2461 109
2462 110
2463 109
2464 108
2465 107
2466 108
2467 107
2468 108
2469 109
2470 110
2471 109
2472 108
2473 109
2474 108
2475 107
2476 108
2477 107
2478 108
2479 107
2480 106
2481 107
2482 106
2483 105
2484 106
2485 105
2486 106
2487 105
2488 106
2489 105
2490 106
2491 107
2492 108
2493 107
2494 106
2495 107
2496 106
2497 105
2498 106
2499 105
2500 104
2501 105
2502 106
2503 105
2504 104
2505 103
2506 104
2507 105
2508 106
2509 107
2510 106
2511 105
2512 104
2513 103
2514 104
2515 105
2516 104
2517 103
2518 102
2519 103
2520 104
2521 105
2522 104
2523 105
2524 104
2525 103
2526 104
2527 105
2528 106
2529 105
2530 106
2531 107
2532 108
2533 109
2534 108
2535 109
2536 108
2537 109
2538 110
2539 109
2540 108
2541 107
2542 106
2543 107
2544 108
2545 109
2546 108
2547 107
2548 108
2549 109
2550 110
2551 109
2552 110
2553 111
2554 110
2555 111
2556 112
2557 111
2558 110
2559 109
2560 110
2561 109
2562 108
2563 107
2564 106
2565 107
2566 108
2567 107
2568 108
2569 107
2570 108
2571 107
2572 108
2573 109
2574 108
2575 107
2576 108
2577 109
2578 110
2579 109
2580 108
2581 109
2582 110
2583 109
2584 110
2585 111
2586 112
2587 113
2588 112
2589 111
2590 112
2591 111
2592 112
2593 113
2594 114
2595 115
2596 116
2597 115
2598 114
2599 113
2600 112
2601 111
2602 110
2603 109
2604 108
2605 107
2606 106
2607 107
2608 106
2609 107
2610 108
2611 109
2612 110
2613 109
2614 110
2615 109
2616 108
2617 109
2618 110
2619 109
2620 108
2621 107
2622 106
2623 107
2624 108
2625 107
2626 106
2627 107
2628 106
2629 107
2630 108
2631 107
2632 108
2633 107
2634 108
2635 109
2636 108
2637 109
2638 108
2639 107
2640 106
2641 105
2642 106
2643 105
2644 104
2645 105
2646 106
2647 107
2648 106
2649 107
2650 108
2651 107
2652 108
2653 109
2654 108
2655 107
2656 106
2657 105
2658 104
2659 105
2660 106
2661 105
2662 104
2663 103
2664 102
2665 101
2666 102
2667 101
2668 100
2669 99
2670 98
2671 97
2672 98
2673 97
2674 96
2675 95
2676 94
2677 93
2678 92
2679 91
2680 92
2681 93
2682 92
2683 91
2684 90
2685 91
2686 92
2687 91
2688 92
2689 93
2690 94
2691 93
2692 94
2693 93
2694 92
2695 91
2696 92
2697 93
2698 94
2699 93
2700 92
2701 91
2702 90
2703 91
2704 90
2705 89
2706 88
2707 89
2708 90
2709 91
2710 92
2711 93
2712 94
2713 95
2714 96
2715 97
2716 96
2717 97
2718 98
2719 97
2720 96
2721 95
2722 96
2723 97
2724 98
2725 97
2726 98
2727 99
2728 98
2729 97
2730 98
2731 99
2732 100
2733 99
2734 100
2735 99
2736 98
2737 99
2738 100
2739 99
2740 100
2741 99
2742 98
2743 99
2744 98
2745 99
2746 98
2747 99
2748 98
2749 99
2750 100
2751 101
2752 100
2753 101
2754 100
2755 101
2756 102
2757 101
2758 100
2759 99
2760 98
2761 99
2762 100
2763 101
2764 102
2765 103
2766 104
2767 105
2768 106
2769 107
2770 106
2771 105
2772 104
2773 103
2774 102
2775 101
2776 102
2777 103
2778 104
2779 103
2780 104
2781 105
2782 104
2783 105
2784 104
2785 105
2786 106
2787 107
2788 108
2789 109
2790 110
2791 109
2792 108
2793 109
2794 110
2795 109
2796 110
2797 111
2798 112
2799 111
2800 112
2801 113
2802 112
2803 111
2804 110
2805 111
2806 110
2807 111
2808 112
2809 111
2810 112
2811 113
2812 114
2813 115
2814 114
2815 113
2816 114
2817 113
2818 114
2819 115
2820 116
2821 115
2822 114
2823 115
2824 114
2825 113
2826 112
2827 111
2828 110
2829 109
2830 110
2831 111
2832 112
2833 113
2834 112
2835 111
2836 112
2837 111
2838 110
2839 109
2840 110
2841 111
2842 110
2843 109
2844 108
2845 107
2846 106
2847 107
2848 108
2849 109
2850 108
2851 109
2852 110
2853 109
2854 108
2855 109
2856 110
2857 109
2858 110
2859 109
2860 108
2861 107
2862 106
2863 105
2864 106
2865 105
2866 104
2867 103
2868 104
2869 105
2870 106
2871 107
2872 108
2873 109
2874 110
2875 109
2876 110
2877 111
2878 112
2879 113
2880 112
2881 111
2882 112
2883 111
2884 110
2885 109
2886 108
2887 109
2888 108
2889 107
2890 108
2891 109
2892 108
2893 109
2894 110
2895 109
2896 110
2897 111
2898 110
2899 111
2900 110
2901 109
2902 108
2903 107
2904 108
2905 109
2906 108
2907 109
2908 110
2909 109
2910 108
2911 107
2912 108
2913 109
2914 108
2915 107
2916 106
2917 107
2918 106
2919 107
2920 106
2921 105
2922 104
2923 105
2924 106
2925 107
2926 108
2927 107
2928 106
2929 107
2930 108
2931 107
2932 108
2933 109
2934 110
2935 111
2936 112
2937 111
2938 112
2939 113
2940 112
2941 113
2942 114
2943 115
2944 114
2945 115
2946 116
2947 117
2948 116
2949 115
2950 114
2951 113
2952 114
2953 113
2954 114
2955 115
2956 116
2957 115
2958 116
2959 115
2960 116
2961 117
2962 118
2963 117
2964 116
2965 115
2966 116
2967 117
2968 116
2969 115
2970 116
2971 117
2972 116
2973 117
2974 116
2975 117
2976 118
2977 117
2978 118
2979 117
2980 116
2981 117
2982 116
2983 115
2984 114
2985 115
2986 114
2987 113
2988 112
2989 113
2990 112
2991 111
2992 112
2993 111
2994 112
2995 113
2996 114
2997 115
2998 114
2999 113
3000 114
3001 115
3002 114
3003 115
3004 114
3005 113
3006 112
3007 111
3008 110
3009 111
3010 110
3011 111
3012 110
3013 111
3014 112
3015 113
3016 112
3017 113
3018 112
3019 113
3020 112
3021 111
3022 110
3023 109
3024 110
3025 111
3026 110
3027 109
3028 108
3029 109
3030 110
3031 111
3032 110
3033 109
3034 108
3035 107
3036 108
3037 109
3038 110
3039 109
3040 108
3041 107
3042 108
3043 107
3044 106
3045 107
3046 108
3047 107
3048 108
3049 107
3050 108
3051 109
3052 110
3053 111
3054 110
3055 109
3056 110
3057 109
3058 110
3059 109
3060 110
3061 109
3062 108
3063 109
3064 110
3065 109
3066 108
3067 107
3068 106
3069 105
3070 106
3071 105
3072 106
3073 105
3074 106
3075 105
3076 106
3077 107
3078 106
3079 105
3080 104
3081 103
3082 102
3083 103
3084 104
3085 105
3086 104
3087 103
3088 104
3089 103
3090 104
3091 105
3092 106
3093 105
3094 104
3095 103
3096 102
3097 103
3098 102
3099 101
3100 102
3101 101
3102 100
3103 99
3104 100
3105 101
3106 102
3107 103
3108 104
3109 105
3110 104
3111 105
3112 106
3113 107
3114 106
3115 107
3116 108
3117 109
3118 110
3119 109
3120 108
3121 109
3122 110
3123 111
3124 112
3125 111
3126 110
3127 111
3128 110
3129 111
3130 110
3131 111
3132 110
3133 111
3134 110
3135 111
3136 112
3137 113
3138 114
3139 115
3140 114
3141 113
3142 112
3143 111
3144 110
3145 111
3146 110
3147 109
3148 108
3149 109
3150 108
3151 109
3152 110
3153 109
3154 108
3155 109
3156 108
3157 107
3158 108
3159 107
3160 108
3161 109
3162 108
3163 107
3164 106
3165 107
3166 108
3167 107
3168 106
3169 107
3170 106
3171 105
3172 106
3173 105
3174 106
3175 105
3176 106
3177 105
3178 106
3179 107
3180 106
3181 105
3182 104
3183 103
3184 104
3185 103
3186 104
3187 105
3188 104
3189 103
3190 104
3191 103
3192 102
3193 101
3194 102
3195 101
3196 102
3197 101
3198 100
3199 101
3200 100
3201 99
3202 100
3203 101
3204 100
3205 99
3206 98
3207 97
3208 98
3209 97
3210 98
3211 99
3212 98
3213 99
3214 100
3215 101
3216 100
3217 101
3218 100
3219 101
3220 102
3221 103
3222 102
3223 103
3224 102
3225 103
3226 104
3227 105
3228 106
3229 105
3230 106
3231 105
3232 106
3233 107
3234 108
3235 107
3236 106
3237 107
3238 106
3239 107
3240 106
3241 105
3242 104
3243 103
3244 104
3245 103
3246 104
3247 103
3248 104
3249 103
3250 104
3251 103
3252 104
3253 105
3254 106
3255 105
3256 106
3257 107
3258 106
3259 105
3260 104
3261 103
3262 102
3263 101
3264 102
3265 101
3266 102
3267 101
3268 102
3269 101
3270 100
3271 101
3272 100
3273 99
3274 100
3275 99
3276 98
3277 97
3278 98
3279 97
3280 96
3281 97
3282 98
3283 97
3284 96
3285 97
3286 96
3287 97
3288 98
3289 99
3290 98
3291 99
3292 98
3293 99
3294 100
3295 101
3296 102
3297 101
3298 100
3299 101
3300 100
3301 101
3302 100
3303 99
3304 98
3305 99
3306 100
3307 101
3308 100
3309 99
3310 98
3311 99
3312 100
3313 99
3314 100
3315 99
3316 100
3317 99
3318 100
3319 99
3320 100
3321 99
3322 98
3323 99
3324 98
3325 99
3326 100
3327 101
3328 100
3329 99
3330 100
3331 101
3332 100
3333 101
3334 102
3335 103
3336 104
3337 105
3338 106
3339 107
3340 108
3341 107
3342 108
3343 109
3344 108
3345 109
3346 110
3347 109
3348 108
3349 107
3350 106
3351 107
3352 108
3353 107
3354 106
3355 105
3356 106
3357 105
3358 104
3359 105
3360 106
3361 105
3362 104
3363 105
3364 106
3365 105
3366 106
3367 105
3368 104
3369 105
3370 104
3371 105
3372 104
3373 103
3374 102
3375 103
3376 104
3377 105
3378 104
3379 103
3380 104
3381 105
3382 106
3383 107
3384 106
3385 105
3386 106
3387 107
3388 108
3389 107
3390 106
3391 105
3392 104
3393 105
3394 106
3395 107
3396 106
3397 105
3398 106
3399 107
3400 108
3401 109
3402 108
3403 107
3404 106
3405 107
3406 106
3407 105
3408 104
3409 103
3410 102
3411 101
3412 102
3413 101
3414 102
3415 103
3416 102
3417 101
3418 102
3419 101
3420 100
3421 101
3422 102
3423 103
3424 102
3425 101
3426 102
3427 103
3428 104
3429 103
3430 102
3431 101
3432 102
3433 103
3434 102
3435 103
3436 102
3437 103
3438 104
3439 103
3440 102
3441 103
3442 102
3443 101
3444 102
3445 103
3446 102
3447 103
3448 102
3449 103
3450 102
3451 101
3452 102
3453 103
3454 104
3455 105
3456 106
3457 107
3458 108
3459 107
3460 108
3461 107
3462 108
3463 107
3464 106
3465 107
3466 106
3467 105
3468 104
3469 105
3470 104
3471 105
3472 104
3473 103
3474 104
3475 105
3476 106
3477 107
3478 106
3479 105
3480 104
3481 105
3482 104
3483 103
3484 102
3485 103
3486 102
3487 101
3488 100
3489 101
3490 100
3491 101
3492 100
3493 99
3494 100
3495 101
3496 100
3497 99
3498 100
3499 99
3500 100
3501 101
3502 102
3503 101
3504 100
3505 101
3506 102
3507 101
3508 102
3509 103
3510 102
3511 101
3512 102
3513 101
3514 102
3515 101
3516 100
3517 101
3518 102
3519 101
3520 100
3521 99
3522 98
3523 97
3524 98
3525 97
3526 96
3527 95
3528 94
3529 93
3530 94
3531 93
3532 94
3533 93
3534 92
3535 93
3536 94
3537 93
3538 92
3539 91
3540 90
3541 91
3542 90
3543 91
3544 90
3545 89
3546 90
3547 89
3548 90
3549 91
3550 92
3551 93
3552 92
3553 93
3554 94
3555 95
3556 94
3557 93
3558 94
3559 93
3560 94
3561 95
3562 94
3563 93
3564 92
3565 93
3566 94
3567 95
3568 94
3569 93
3570 92
3571 91
3572 92
3573 91
3574 92
3575 93
3576 94
3577 93
3578 92
3579 93
3580 92
3581 93
3582 92
3583 91
3584 90
3585 91
3586 90
3587 89
3588 90
3589 89
3590 90
3591 91
3592 90
3593 89
3594 88
3595 89
3596 88
3597 87
3598 88
3599 89
3600 90
3601 89
3602 88
3603 89
3604 88
3605 89
3606 90
3607 89
3608 90
3609 89
3610 88
3611 87
3612 86
3613 85
3614 86
3615 87
3616 86
3617 85
3618 84
3619 83
3620 84
3621 85
3622 86
3623 85
3624 86
3625 87
3626 88
3627 89
3628 88
3629 87
3630 86
3631 85
3632 84
3633 85
3634 86
3635 87
3636 86
3637 87
3638 88
3639 87
3640 88
3641 89
3642 90
3643 91
3644 92
3645 93
3646 92
3647 93
3648 94
3649 95
3650 96
3651 97
3652 96
3653 95
3654 94
3655 95
3656 96
3657 97
3658 96
3659 97
3660 96
3661 95
3662 94
3663 93
3664 92
3665 91
3666 92
3667 93
3668 92
3669 93
3670 92
3671 93
3672 92
3673 93
3674 94
3675 93
3676 92
3677 91
3678 90
3679 89
3680 90
3681 91
3682 92
3683 91
3684 90
3685 91
3686 90
3687 89
3688 88
3689 89
3690 88
3691 89
3692 88
3693 89
3694 90
3695 91
3696 90
3697 91
3698 90
3699 89
3700 88
3701 87
3702 88
3703 89
3704 88
3705 89
3706 88
3707 89
3708 90
3709 89
3710 88
3711 89
3712 88
3713 87
3714 88
3715 87
3716 86
3717 85
3718 86
3719 87
3720 86
3721 87
3722 88
3723 87
3724 86
3725 87
3726 86
3727 85
3728 86
3729 85
3730 86
3731 85
3732 86
3733 85
3734 84
3735 85
3736 86
3737 87
3738 88
3739 89
3740 90
3741 89
3742 88
3743 87
3744 86
3745 87
3746 86
3747 85
3748 86
3749 85
3750 84
3751 85
3752 86
3753 87
3754 86
3755 87
3756 88
3757 87
3758 88
3759 89
3760 90
3761 91
3762 90
3763 91
3764 90
3765 89
3766 88
3767 89
3768 90
3769 89
3770 90
3771 89
3772 88
3773 89
3774 88
3775 89
3776 88
3777 89
3778 90
3779 91
3780 90
3781 91
3782 90
3783 89
3784 90
3785 91
3786 92
3787 91
3788 90
3789 91
3790 92
3791 91
3792 92
3793 93
3794 94
3795 95
3796 94
3797 95
3798 94
3799 95
3800 94
3801 95
3802 96
3803 97
3804 96
3805 97
3806 96
3807 95
3808 96
3809 97
3810 98
3811 99
3812 100
3813 99
3814 100
3815 99
3816 100
3817 101
3818 100
3819 101
3820 102
3821 103
3822 104
3823 103
3824 102
3825 103
3826 102
3827 103
3828 104
3829 103
3830 102
3831 101
3832 100
3833 101
3834 100
3835 99
3836 98
3837 97
3838 96
3839 95
3840 94
3841 93
3842 94
3843 93
3844 92
3845 91
3846 90
3847 91
3848 90
3849 89
3850 90
3851 91
3852 92
3853 91
3854 90
3855 89
3856 88
3857 89
3858 88
3859 87
3860 88
3861 89
3862 90
3863 91
3864 90
3865 91
3866 92
3867 93
3868 94
3869 95
3870 96
3871 95
3872 96
3873 95
3874 94
3875 93
3876 92
3877 93
3878 92
3879 93
3880 94
3881 95
3882 94
3883 93
3884 92
3885 93
3886 94
3887 95
3888 96
3889 97
3890 98
3891 99
3892 98
3893 99
3894 100
3895 99
3896 100
3897 101
3898 100
3899 101
3900 102
3901 103
3902 104
3903 105
3904 106
3905 105
3906 106
3907 107
3908 106
3909 107
3910 106
3911 107
3912 108
3913 109
3914 110
3915 111
3916 110
3917 111
3918 112
3919 111
3920 110
3921 109
3922 108
3923 109
3924 110
3925 109
3926 108
3927 107
3928 106
3929 105
3930 106
3931 107
3932 108
3933 109
3934 110
3935 109
3936 110
3937 109
3938 108
3939 109
3940 110
3941 109
3942 110
3943 111
3944 112
3945 111
3946 112
3947 111
3948 110
3949 109
3950 108
3951 109
3952 108
3953 109
3954 108
3955 109
3956 110
3957 111
3958 110
3959 109
3960 110
3961 111
3962 112
3963 111
3964 110
3965 109
3966 108
3967 109
3968 110
3969 109
3970 108
3971 109
3972 108
3973 107
3974 106
3975 105
3976 106
3977 105
3978 104
3979 105
3980 106
3981 107
3982 108
3983 107
3984 108
3985 109
3986 110
3987 109
3988 110
3989 109
3990 108
3991 109
3992 108
3993 107
3994 108
3995 107
3996 106
3997 107
3998 108
3999 107
4000 106
4001 105
4002 106
4003 105
4004 104
4005 103
4006 104
4007 105
4008 106
4009 105
4010 106
4011 107
4012 106
4013 107
4014 108
4015 107
4016 108
4017 109
4018 108
4019 107
4020 106
4021 105
4022 104
4023 105
4024 104
4025 105
4026 106
4027 105
4028 106
4029 107
4030 106
4031 105
4032 106
4033 107
4034 106
4035 107
4036 108
4037 109
4038 108
4039 109
4040 108
4041 109
4042 110
4043 111
4044 110
4045 109
4046 110
4047 109
4048 108
4049 109
4050 108
4051 109
4052 108
4053 109
4054 110
4055 109
4056 108
4057 109
4058 110
4059 109
4060 108
4061 107
4062 108
4063 107
4064 106
4065 105
4066 106
4067 105
4068 104
4069 105
4070 106
4071 105
4072 104
4073 103
4074 102
4075 101
4076 102
4077 103
4078 102
4079 101
4080 102
4081 103
4082 102
4083 103
4084 102
4085 101
4086 102
4087 103
4088 102
4089 103
4090 104
4091 105
4092 106
4093 105
4094 104
4095 105
4096 106
4097 105
4098 104
4099 103
4100 102
4101 103
4102 104
4103 103
4104 102
4105 101
4106 100
4107 101
4108 100
4109 101
4110 100
4111 101
4112 102
4113 101
4114 100
4115 101
4116 102
4117 101
4118 100
4119 101
4120 100
4121 101
4122 102
4123 101
4124 102
4125 101
4126 100
4127 101
4128 102
4129 103
4130 102
4131 101
4132 102
4133 101
4134 102
4135 103
4136 104
4137 103
4138 102
4139 103
4140 104
4141 105
4142 106
4143 105
4144 104
4145 103
4146 102
4147 103
4148 102
4149 101
4150 100
4151 99
4152 98
4153 97
4154 98
4155 97
4156 96
4157 95
4158 96
4159 97
4160 98
4161 97
4162 96
4163 95
4164 96
4165 97
4166 98
4167 97
4168 96
4169 97
4170 96
4171 95
4172 96
4173 97
4174 96
4175 95
4176 96
4177 95
4178 94
4179 95
4180 96
4181 95
4182 96
4183 97
4184 96
4185 95
4186 94
4187 93
4188 94
4189 95
4190 96
4191 97
4192 96
4193 97
4194 96
4195 95
4196 94
4197 93
4198 92
4199 91
4200 92
4201 91
4202 90
4203 89
4204 88
4205 89
4206 88
4207 87
4208 86
4209 87
4210 86
4211 87
4212 86
4213 87
4214 86
4215 85
4216 84
4217 85
4218 84
4219 83
4220 82
4221 81
4222 80
4223 81
4224 82
4225 83
4226 82
4227 81
4228 82
4229 83
4230 82
4231 81
4232 80
4233 79
4234 78
4235 77
4236 78
4237 79
4238 80
4239 79
4240 80
4241 79
4242 80
4243 81
4244 80
4245 81
4246 82
4247 81
4248 82
4249 83
4250 84
4251 83
4252 82
4253 81
4254 82
4255 81
4256 80
4257 81
4258 80
4259 81
4260 80
4261 79
4262 80
4263 79
4264 80
4265 79
4266 78
4267 79
4268 78
4269 77
4270 76
4271 77
4272 78
4273 77
4274 76
4275 75
4276 76
4277 77
4278 76
4279 77
4280 76
4281 77
4282 76
4283 75
4284 74
4285 73
4286 72
4287 71
4288 72
4289 73
4290 74
4291 73
4292 74
4293 73
4294 74
4295 75
4296 74
4297 75
4298 74
4299 75
4300 74
4301 73
4302 74
4303 75
4304 74
4305 73
4306 74
4307 73
4308 72
4309 71
4310 70
4311 69
4312 70
4313 69
4314 70
4315 71
4316 70
4317 71
4318 70
4319 71
4320 72
4321 71
4322 72
4323 71
4324 70
4325 71
4326 72
4327 73
4328 72
4329 73
4330 74
4331 75
4332 74
4333 73
4334 74
4335 75
4336 76
4337 77
4338 78
4339 79
4340 78
4341 79
4342 80
4343 79
4344 78
4345 77
4346 78
4347 77
4348 76
4349 75
4350 74
4351 73
4352 72
4353 73
4354 74
4355 73
4356 72
4357 73
4358 74
4359 75
4360 74
4361 75
4362 76
4363 75
4364 74
4365 75
4366 76
4367 75
4368 76
4369 75
4370 74
4371 73
4372 74
4373 73
4374 72
4375 71
4376 70
4377 71
4378 72
4379 71
4380 72
4381 73
4382 72
4383 73
4384 72
4385 71
4386 72
4387 71
4388 72
4389 73
4390 72
4391 71
4392 72
4393 71
4394 72
4395 73
4396 74
4397 73
4398 72
4399 71
4400 72
4401 71
4402 70
4403 71
4404 70
4405 71
4406 70
4407 69
4408 68
4409 69
4410 68
4411 69
4412 70
4413 71
4414 70
4415 71
4416 70
4417 71
4418 70
4419 71
4420 70
4421 69
4422 68
4423 69
4424 68
4425 69
4426 68
4427 69
4428 68
4429 67
4430 68
4431 67
4432 68
4433 67
4434 68
4435 69
4436 68
4437 69
4438 70
4439 69
4440 70
4441 69
4442 68
4443 69
4444 68
4445 69
4446 70
4447 71
4448 70
4449 71
4450 72
4451 73
4452 74
4453 75
4454 76
4455 77
4456 76
4457 75
4458 74
4459 75
4460 74
4461 73
4462 72
4463 71
4464 70
4465 71
4466 70
4467 71
4468 72
4469 73
4470 72
4471 73
4472 74
4473 73
4474 74
4475 73
4476 74
4477 73
4478 72
4479 71
4480 70
4481 69
4482 68
4483 69
4484 68
4485 69
4486 68
4487 69
4488 68
4489 67
4490 68
4491 67
4492 68
4493 69
4494 68
4495 69
4496 68
4497 69
4498 68
4499 67
4500 66
4501 65
4502 66
4503 67
4504 66
4505 65
4506 66
4507 65
4508 66
4509 67
4510 66
4511 67
4512 68
4513 67
4514 66
4515 67
4516 68
4517 67
4518 68
4519 67
4520 68
4521 67
4522 68
4523 69
4524 68
4525 67
4526 66
4527 67
4528 66
4529 67
4530 66
4531 67
4532 66
4533 67
4534 66
4535 65
4536 64
4537 65
4538 66
4539 65
4540 64
4541 63
4542 62
4543 61
4544 62
4545 63
4546 62
4547 63
4548 62
4549 63
4550 64
4551 63
4552 64
4553 65
4554 66
4555 65
4556 64
4557 63
4558 64
4559 63
4560 62
4561 61
4562 60
4563 59
4564 58
4565 57
4566 56
4567 55
4568 56
4569 55
4570 54
4571 55
4572 54
4573 55
4574 54
4575 55
4576 56
4577 55
4578 54
4579 55
4580 56
4581 57
4582 56
4583 57
4584 58
4585 57
4586 56
4587 55
4588 56
4589 55
4590 56
4591 57
4592 56
4593 55
4594 54
4595 55
4596 56
4597 57
4598 56
4599 55
4600 56
4601 55
4602 56
4603 57
4604 58
4605 59
4606 60
4607 61
4608 60
4609 61
4610 60
4611 61
4612 62
4613 63
4614 64
4615 65
4616 66
4617 65
4618 64
4619 65
4620 66
4621 65
4622 66
4623 67
4624 68
4625 69
4626 70
4627 71
4628 72
4629 71
4630 70
4631 69
4632 68
4633 69
4634 70
4635 69
4636 70
4637 69
4638 70
4639 71
4640 72
4641 71
4642 70
4643 71
4644 70
4645 71
4646 72
4647 71
4648 72
4649 71
4650 70
4651 69
4652 68
4653 67
4654 66
4655 65
4656 66
4657 67
4658 66
4659 67
4660 66
4661 65
4662 64
4663 63
4664 64
4665 65
4666 66
4667 67
4668 66
4669 67
4670 66
4671 67
4672 68
4673 69
4674 68
4675 69
4676 70
4677 69
4678 68
4679 69
4680 70
4681 69
4682 70
4683 71
4684 70
4685 69
4686 68
4687 69
4688 68
4689 69
4690 70
4691 71
4692 72
4693 73
4694 72
4695 71
4696 70
4697 69
4698 70
4699 71
4700 70
4701 69
4702 68
4703 67
4704 68
4705 67
4706 66
4707 65
4708 66
4709 65
4710 66
4711 67
4712 66
4713 67
4714 66
4715 65
4716 64
4717 65
4718 64
4719 65
4720 64
4721 65
4722 64
4723 63
4724 62
4725 63
4726 62
4727 63
4728 64
4729 63
4730 64
4731 63
4732 64
4733 63
4734 62
4735 61
4736 62
4737 61
4738 62
4739 61
4740 60
4741 59
4742 58
4743 57
4744 56
4745 57
4746 58
4747 59
4748 60
4749 61
4750 62
4751 63
4752 64
4753 63
4754 62
4755 61
4756 60
4757 59
4758 60
4759 59
4760 60
4761 59
4762 58
4763 59
4764 58
4765 59
4766 60
4767 61
4768 60
4769 61
4770 62
4771 63
4772 62
4773 63
4774 64
4775 65
4776 66
4777 65
4778 64
4779 63
4780 64
4781 65
4782 66
4783 67
4784 66
4785 65
4786 66
4787 65
4788 66
4789 65
4790 64
4791 65
4792 64
4793 63
4794 62
4795 63
4796 62
4797 61
4798 60
4799 61
4800 62
4801 61
4802 60
4803 61
4804 62
4805 61
4806 62
4807 61
4808 62
4809 63
4810 62
4811 63
4812 62
4813 63
4814 64
4815 63
4816 64
4817 63
4818 62
4819 61
4820 60
4821 59
4822 58
4823 57
4824 56
4825 57
4826 56
4827 55
4828 56
4829 57
4830 56
4831 55
4832 54
4833 55
4834 56
4835 55
4836 54
4837 53
4838 52
4839 53
4840 52
4841 53
4842 52
4843 51
4844 50
4845 51
4846 50
4847 49
4848 48
4849 47
4850 46
4851 47
4852 46
4853 45
4854 46
4855 45
4856 46
4857 47
4858 46
4859 47
4860 48
4861 49
4862 50
4863 51
4864 52
4865 53
4866 52
4867 51
4868 50
4869 49
4870 50
4871 49
4872 48
4873 49
4874 48
4875 49
4876 50
4877 49
4878 48
4879 49
4880 50
4881 51
4882 50
4883 51
4884 50
4885 51
4886 52
4887 53
4888 54
4889 55
4890 54
4891 53
4892 52
4893 51
4894 52
4895 51
4896 52
4897 51
4898 50
4899 49
4900 50
4901 49
4902 48
4903 49
4904 50
4905 51
4906 50
4907 49
4908 48
4909 47
4910 48
4911 47
4912 46
4913 45
4914 44
4915 43
4916 44
4917 45
4918 46
4919 45
4920 46
4921 47
4922 46
4923 47
4924 46
4925 47
4926 48
4927 49
4928 50
4929 49
4930 50
4931 49
4932 48
4933 47
4934 48
4935 47
4936 48
4937 47
4938 46
4939 47
4940 48
4941 49
4942 48
4943 49
4944 50
4945 51
4946 50
4947 49
4948 48
4949 49
4950 48
4951 49
4952 50
4953 51
4954 52
4955 51
4956 50
4957 51
4958 50
4959 49
4960 48
4961 49
4962 48
4963 47
4964 46
4965 45
4966 44
4967 45
4968 44
4969 45
4970 44
4971 43
4972 42
4973 43
4974 42
4975 41
4976 40
4977 41
4978 42
4979 41
4980 40
4981 41
4982 42
4983 41
4984 42
4985 43
4986 44
4987 43
4988 44
4989 45
4990 44
4991 43
4992 44
4993 43
4994 42
4995 41
4996 40
4997 39
4998 40
4999 41
5000 40
5001 41
5002 42
5003 43
5004 44
5005 43
5006 42
5007 43
5008 42
5009 43
5010 42
5011 43
5012 44
5013 45
5014 46
5015 47
5016 48
5017 47
5018 48
5019 49
5020 48
5021 47
5022 46
5023 47
5024 46
5025 47
5026 48
5027 49
5028 50
5029 49
5030 48
5031 49
5032 48
5033 47
5034 46
5035 45
5036 46
5037 45
5038 44
5039 43
5040 42
5041 43
5042 44
5043 43
5044 44
5045 45
5046 46
5047 45
5048 44
5049 45
5050 46
5051 45
5052 44
5053 43
5054 44
5055 45
5056 46
5057 45
5058 46
5059 47
5060 46
5061 47
5062 46
5063 45
5064 46
5065 45
5066 46
5067 47
5068 46
5069 45
5070 46
5071 45
5072 46
5073 45
5074 46
5075 45
5076 46
5077 47
5078 46
5079 47
5080 48
5081 49
5082 48
5083 47
5084 46
5085 45
5086 44
5087 45
5088 46
5089 47
5090 46
5091 45
5092 44
5093 45
5094 46
5095 45
5096 44
5097 43
5098 44
5099 43
5100 44
5101 43
5102 44
5103 45
5104 44
5105 45
5106 46
5107 45
5108 46
5109 45
5110 44
5111 45
5112 44
5113 45
5114 44
5115 43
5116 44
5117 45
5118 44
5119 45
5120 46
5121 45
5122 46
5123 47
5124 46
5125 47
5126 46
5127 47
5128 46
5129 45
5130 44
5131 43
5132 42
5133 43
5134 44
5135 43
5136 42
5137 41
5138 42
5139 43
5140 42
5141 43
5142 44
5143 45
5144 44
5145 45
5146 46
5147 47
5148 48
5149 49
5150 50
5151 51
5152 52
5153 53
5154 52
5155 51
5156 50
5157 49
5158 50
5159 51
5160 50
5161 49
5162 50
5163 51
5164 50
5165 49
5166 48
5167 49
5168 48
5169 49
5170 50
5171 49
5172 48
5173 47
5174 46
5175 47
5176 46
5177 47
5178 48
5179 49
5180 50
5181 51
5182 50
5183 51
5184 52
5185 51
5186 52
5187 53
5188 54
5189 53
5190 54
5191 53
5192 54
5193 53
5194 54
5195 55
5196 56
5197 55
5198 56
5199 57
5200 56
5201 57
5202 58
5203 57
5204 56
5205 55
5206 54
5207 53
5208 54
5209 55
5210 56
5211 55
5212 56
5213 55
5214 54
5215 53
5216 52
5217 51
5218 52
5219 53
5220 52
5221 53
5222 54
5223 55
5224 56
5225 55
5226 54
5227 53
5228 54
5229 53
5230 52
5231 53
5232 52
5233 51
5234 52
5235 53
5236 54
5237 53
5238 54
5239 53
5240 52
5241 53
5242 52
5243 51
5244 52
5245 51
5246 50
5247 51
5248 50
5249 51
5250 50
5251 51
5252 50
5253 49
5254 48
5255 47
5256 48
5257 47
5258 46
5259 47
5260 46
5261 47
5262 46
5263 45
5264 46
5265 47
5266 48
5267 49
5268 48
5269 49
5270 50
5271 51
5272 50
5273 51
5274 52
5275 51
5276 52
5277 53
5278 52
5279 53
5280 52
5281 51
5282 50
5283 51
5284 50
5285 49
5286 48
5287 47
5288 48
5289 47
5290 46
5291 45
5292 46
5293 47
5294 48
5295 47
5296 46
5297 45
5298 46
5299 45
5300 46
5301 45
5302 44
5303 43
5304 44
5305 45
5306 44
5307 43
5308 44
5309 45
5310 44
5311 43
5312 42
5313 43
5314 44
5315 45
5316 46
5317 45
5318 44
5319 45
5320 44
5321 43
5322 42
5323 41
5324 42
5325 43
5326 42
5327 41
5328 40
5329 39
5330 38
5331 39
5332 40
5333 39
5334 40
5335 39
5336 38
5337 37
5338 36
5339 37
5340 36
5341 37
5342 38
5343 39
5344 38
5345 37
5346 38
5347 37
5348 36
5349 37
5350 38
5351 39
5352 38
5353 39
5354 40
5355 39
5356 38
5357 39
5358 38
5359 37
5360 38
5361 37
5362 36
5363 35
5364 34
5365 33
5366 32
5367 31
5368 32
5369 31
5370 30
5371 29
5372 28
5373 27
5374 28
5375 27
5376 28
5377 29
5378 30
5379 29
5380 28
5381 29
5382 28
5383 29
5384 28
5385 29
5386 30
5387 31
5388 30
5389 29
5390 28
5391 27
5392 28
5393 29
5394 28
5395 27
5396 28
5397 29
5398 28
5399 27
5400 28
5401 27
5402 28
5403 29
5404 28
5405 29
5406 28
5407 27
5408 28
5409 27
5410 26
5411 25
5412 26
5413 27
5414 28
5415 29
5416 28
5417 29
5418 30
5419 31
5420 30
5421 31
5422 30
5423 31
5424 30
5425 29
5426 30
5427 29
5428 30
5429 29
5430 28
5431 29
5432 30
5433 31
5434 30
5435 29
5436 30
5437 31
5438 32
5439 31
5440 30
5441 31
5442 32
5443 33
5444 32
5445 33
5446 32
5447 33
5448 34
5449 33
5450 34
5451 35
5452 34
5453 33
5454 34
5455 33
5456 34
5457 33
5458 32
5459 33
5460 34
5461 35
5462 34
5463 35
5464 36
5465 35
5466 36
5467 35
5468 36
5469 37
5470 38
5471 37
5472 38
5473 39
5474 40
5475 41
5476 42
5477 41
5478 42
5479 41
5480 42
5481 41
5482 40
5483 41
5484 42
5485 43
5486 44
5487 43
5488 42
5489 43
5490 42
5491 41
5492 42
5493 41
5494 42
5495 43
5496 44
5497 45
5498 44
5499 45
5500 44
5501 45
5502 46
5503 45
5504 44
5505 43
5506 42
5507 41
5508 40
5509 41
5510 42
5511 41
5512 42
5513 43
5514 42
5515 41
5516 42
5517 43
5518 44
5519 43
5520 42
5521 41
5522 40
5523 41
5524 40
5525 41
5526 40
5527 39
5528 40
5529 39
5530 40
5531 39
5532 40
5533 41
5534 42
5535 41
5536 42
5537 43
5538 44
5539 45
5540 44
5541 43
5542 42
5543 41
5544 40
5545 41
5546 40
5547 41
5548 40
5549 39
5550 38
5551 39
5552 40
5553 39
5554 38
5555 37
5556 36
5557 37
5558 38
5559 37
5560 36
5561 35
5562 36
5563 37
5564 36
5565 37
5566 38
5567 39
5568 38
5569 39
5570 38
5571 37
5572 36
5573 35
5574 36
5575 35
5576 34
5577 33
5578 32
5579 33
5580 32
5581 31
5582 30
5583 29
5584 28
5585 27
5586 26
5587 27
5588 26
5589 27
5590 26
5591 25
5592 24
5593 23
5594 22
5595 23
5596 24
5597 25
5598 24
5599 23
5600 24
5601 23
5602 22
5603 23
5604 24
5605 25
5606 24
5607 25
5608 26
5609 25
5610 26
5611 25
5612 26
5613 25
5614 24
5615 23
5616 24
5617 23
5618 22
5619 23
5620 24
5621 25
5622 26
5623 27
5624 28
5625 27
5626 28
5627 29
5628 30
5629 31
5630 32
5631 31
5632 32
5633 31
5634 30
5635 29
5636 28
5637 27
5638 26
5639 27
5640 26
5641 27
5642 28
5643 27
5644 26
5645 25
5646 26
5647 25
5648 26
5649 25
5650 24
5651 23
5652 22
5653 23
5654 22
5655 21
5656 22
5657 21
5658 20
5659 21
5660 22
5661 21
5662 22
5663 21
5664 20
5665 21
5666 22
5667 21
5668 22
5669 23
5670 24
5671 25
5672 26
5673 25
5674 26
5675 27
5676 28
5677 27
5678 28
5679 27
5680 28
5681 27
5682 26
5683 25
5684 24
5685 23
5686 24
5687 23
5688 24
5689 25
5690 24
5691 25
5692 24
5693 25
5694 24
5695 25
5696 24
5697 23
5698 22
5699 23
5700 24
5701 25
5702 24
5703 25
5704 24
5705 23
5706 22
5707 21
5708 22
5709 21
5710 20
5711 19
5712 18
5713 17
5714 18
5715 17
5716 18
5717 17
5718 16
5719 17
5720 18
5721 17
5722 18
5723 17
5724 18
5725 19
5726 18
5727 19
5728 20
5729 19
5730 18
5731 19
5732 20
5733 19
5734 20
5735 19
5736 20
5737 21
5738 20
5739 21
5740 22
5741 23
5742 22
5743 21
5744 20
5745 19
5746 18
5747 17
5748 18
5749 19
5750 20
5751 19
5752 20
5753 21
5754 20
5755 21
5756 20
5757 19
5758 20
5759 19
5760 20
5761 19
5762 18
5763 17
5764 16
5765 17
5766 18
5767 17
5768 18
5769 17
5770 18
5771 17
5772 18
5773 17
5774 16
5775 17
5776 16
5777 15
5778 14
5779 15
5780 14
5781 13
5782 14
5783 13
5784 12
5785 11
5786 10
5787 9
5788 8
5789 9
5790 8
5791 7
5792 8
5793 9
5794 10
5795 9
5796 8
5797 9
5798 8
5799 7
5800 6
5801 7
5802 6
5803 7
5804 8
5805 7
5806 8
5807 7
5808 6
5809 7
5810 8
5811 9
5812 8
5813 9
5814 8
5815 7
5816 8
5817 9
5818 8
5819 9
5820 10
5821 9
5822 8
5823 9
5824 10
5825 11
5826 12
5827 11
5828 10
5829 11
5830 12
5831 13
5832 14
5833 15
5834 14
5835 13
5836 14
5837 13
5838 14
5839 15
5840 14
5841 15
5842 14
5843 15
5844 14
5845 13
5846 12
5847 11
5848 10
5849 9
5850 10
5851 11
5852 12
5853 11
5854 10
5855 11
5856 12
5857 11
5858 12
5859 13
5860 12
5861 13
5862 14
5863 15
5864 16
5865 15
5866 14
5867 15
5868 16
5869 17
5870 18
5871 17
5872 18
5873 17
5874 18
5875 17
5876 18
5877 17
5878 16
5879 15
5880 14
5881 13
5882 14
5883 15
5884 16
5885 15
5886 16
5887 15
5888 14
5889 13
5890 14
5891 15
5892 14
5893 13
5894 12
5895 13
5896 12
5897 11
5898 12
5899 13
5900 14
5901 13
5902 12
5903 13
5904 12
5905 11
5906 12
5907 11
5908 10
5909 11
5910 10
5911 11
5912 12
5913 11
5914 10
5915 11
5916 12
5917 11
5918 10
5919 9
5920 8
5921 7
5922 6
5923 5
5924 4
5925 5
5926 4
5927 5
5928 6
5929 5
5930 4
5931 5
5932 6
5933 5
5934 6
5935 5
5936 4
5937 3
5938 2
5939 3
5940 4
5941 5
5942 4
5943 3
5944 4
5945 3
5946 4
5947 5
5948 4
5949 3
5950 2
5951 1
5952 0
5953 -1
5954 -2
5955 -3
5956 -2
5957 -3
5958 -4
5959 -3
5960 -4
5961 -5
5962 -4
5963 -3
5964 -2
5965 -1
5966 -2
5967 -3
5968 -4
5969 -3
5970 -2
5971 -3
5972 -2
5973 -1
5974 0
5975 1
5976 0
5977 -1
5978 -2
5979 -1
5980 0
5981 -1
5982 0
5983 -1
5984 0
5985 1
5986 2
5987 1
5988 2
5989 1
5990 0
5991 1
5992 0
5993 -1
5994 -2
5995 -1
5996 -2
5997 -1
5998 -2
5999 -3
6000 -2
6001 -1
6002 -2
6003 -3
6004 -2
6005 -1
6006 0
6007 -1
6008 0
6009 1
6010 0
6011 -1
6012 -2
6013 -3
6014 -4
6015 -3
6016 -2
6017 -1
6018 0
6019 1
6020 0
6021 1
6022 2
6023 3
6024 2
6025 3
6026 2
6027 3
6028 2
6029 1
6030 2
6031 3
6032 4
6033 3
6034 2
6035 3
6036 4
6037 3
6038 4
6039 5
6040 4
6041 3
6042 4
6043 3
6044 2
6045 1
6046 0
6047 -1
6048 0
6049 -1
6050 0
6051 1
6052 0
6053 1
6054 2
6055 1
6056 0
6057 -1
6058 -2
6059 -1
6060 0
6061 -1
6062 -2
6063 -1
6064 -2
6065 -1
6066 0
6067 1
6068 0
6069 1
6070 2
6071 1
6072 2
6073 1
6074 2
6075 3
6076 4
6077 3
6078 2
6079 1
6080 0
6081 -1
6082 -2
6083 -1
6084 0
6085 -1
6086 0
6087 -1
6088 0
6089 1
6090 2
6091 1
6092 0
6093 -1
6094 0
6095 -1
6096 -2
6097 -3
6098 -2
6099 -3
6100 -4
6101 -5
6102 -6
6103 -7
6104 -8
6105 -7
6106 -6
6107 -5
6108 -4
6109 -5
6110 -4
6111 -5
6112 -6
6113 -5
6114 -4
6115 -3
6116 -4
6117 -3
6118 -4
6119 -5
6120 -6
6121 -5
6122 -6
6123 -7
6124 -6
6125 -7
6126 -8
6127 -9
6128 -8
6129 -7
6130 -6
6131 -5
6132 -6
6133 -7
6134 -8
6135 -9
6136 -8
6137 -9
6138 -10
6139 -11
6140 -10
6141 -11
6142 -12
6143 -13
6144 -12
6145 -11
6146 -10
6147 -9
6148 -10
6149 -11
6150 -10
6151 -11
6152 -12
6153 -11
6154 -12
6155 -11
6156 -10
6157 -9
6158 -8
6159 -7
6160 -6
6161 -5
6162 -4
6163 -3
6164 -2
6165 -3
6166 -4
6167 -3
6168 -2
6169 -3
6170 -4
6171 -3
6172 -2
6173 -1
6174 -2
6175 -1
6176 -2
6177 -3
6178 -2
6179 -1
6180 -2
6181 -3
6182 -4
6183 -5
6184 -6
6185 -7
6186 -8
6187 -9
6188 -10
6189 -11
6190 -10
6191 -9
6192 -10
6193 -9
6194 -10
6195 -11
6196 -10
6197 -9
6198 -8
6199 -9
6200 -8
6201 -9
6202 -8
6203 -9
6204 -8
6205 -7
6206 -8
6207 -7
6208 -8
6209 -9
6210 -10
6211 -9
6212 -8
6213 -9
6214 -10
6215 -9
6216 -10
6217 -9
6218 -10
6219 -9
6220 -8
6221 -7
6222 -6
6223 -5
6224 -6
6225 -5
6226 -6
6227 -7
6228 -8
6229 -7
6230 -8
6231 -9
6232 -8
6233 -7
6234 -8
6235 -9
6236 -8
6237 -7
6238 -6
6239 -7
6240 -6
6241 -7
6242 -6
6243 -7
6244 -8
6245 -7
6246 -8
6247 -7
6248 -6
6249 -5
6250 -4
6251 -3
6252 -2
6253 -3
6254 -2
6255 -3
6256 -4
6257 -5
6258 -4
6259 -5
6260 -6
6261 -5
6262 -4
6263 -5
6264 -6
6265 -7
6266 -6
6267 -5
6268 -4
6269 -3
6270 -2
6271 -3
6272 -4
6273 -5
6274 -4
6275 -3
6276 -4
6277 -3
6278 -2
6279 -3
6280 -4
6281 -3
6282 -4
6283 -5
6284 -6
6285 -5
6286 -4
6287 -3
6288 -4
6289 -3
6290 -4
6291 -5
6292 -6
6293 -7
6294 -8
6295 -7
6296 -8
6297 -9
6298 -10
6299 -9
6300 -10
6301 -9
6302 -8
6303 -9
6304 -10
6305 -9
6306 -10
6307 -11
6308 -10
6309 -11
6310 -12
6311 -13
6312 -12
6313 -11
6314 -12
6315 -13
6316 -14
6317 -13
6318 -12
6319 -11
6320 -12
6321 -11
6322 -12
6323 -13
6324 -14
6325 -13
6326 -14
6327 -13
6328 -14
6329 -15
6330 -14
6331 -13
6332 -12
6333 -11
6334 -10
6335 -9
6336 -8
6337 -9
6338 -10
6339 -9
6340 -10
6341 -11
6342 -12
6343 -13
6344 -12
6345 -13
6346 -14
6347 -13
6348 -14
6349 -15
6350 -16
6351 -17
6352 -18
6353 -17
6354 -16
6355 -15
6356 -16
6357 -15
6358 -14
6359 -13
6360 -12
6361 -13
6362 -12
6363 -11
6364 -12
6365 -13
6366 -14
6367 -15
6368 -14
6369 -15
6370 -14
6371 -15
6372 -16
6373 -17
6374 -18
6375 -19
6376 -20
6377 -21
6378 -20
6379 -19
6380 -18
6381 -19
6382 -20
6383 -19
6384 -20
6385 -19
6386 -20
6387 -21
6388 -22
6389 -21
6390 -20
6391 -19
6392 -20
6393 -21
6394 -20
6395 -19
6396 -18
6397 -19
6398 -20
6399 -21
6400 -22
6401 -23
6402 -22
6403 -21
6404 -20
6405 -19
6406 -18
6407 -17
6408 -16
6409 -15
6410 -14
6411 -15
6412 -16
6413 -17
6414 -18
6415 -17
6416 -18
6417 -19
6418 -20
6419 -21
6420 -22
6421 -23
6422 -24
6423 -25
6424 -26
6425 -27
6426 -28
6427 -27
6428 -28
6429 -27
6430 -28
6431 -29
6432 -30
6433 -31
6434 -30
6435 -31
6436 -32
6437 -33
6438 -34
6439 -33
6440 -32
6441 -31
6442 -30
6443 -31
6444 -32
6445 -33
6446 -34
6447 -33
6448 -34
6449 -35
6450 -36
6451 -37
6452 -36
6453 -37
6454 -38
6455 -39
6456 -38
6457 -37
6458 -36
6459 -37
6460 -36
6461 -37
6462 -36
6463 -37
6464 -36
6465 -37
6466 -38
6467 -37
6468 -36
6469 -37
6470 -38
6471 -39
6472 -38
6473 -37
6474 -36
6475 -35
6476 -36
6477 -35
6478 -36
6479 -35
6480 -36
6481 -37
6482 -38
6483 -39
6484 -38
6485 -37
6486 -36
6487 -37
6488 -36
6489 -37
6490 -38
6491 -39
6492 -40
6493 -41
6494 -42
6495 -41
6496 -42
6497 -43
6498 -44
6499 -43
6500 -42
6501 -41
6502 -42
6503 -43
6504 -42
6505 -43
6506 -44
6507 -45
6508 -46
6509 -45
6510 -46
6511 -45
6512 -46
6513 -45
6514 -44
6515 -43
6516 -42
6517 -43
6518 -42
6519 -43
6520 -42
6521 -41
6522 -42
6523 -43
6524 -44
6525 -43
6526 -42
6527 -43
6528 -42
6529 -43
6530 -42
6531 -41
6532 -40
6533 -39
6534 -38
6535 -39
6536 -40
6537 -39
6538 -40
6539 -39
6540 -38
6541 -39
6542 -38
6543 -37
6544 -38
6545 -39
6546 -38
6547 -39
6548 -38
6549 -37
6550 -36
6551 -35
6552 -36
6553 -35
6554 -34
6555 -33
6556 -34
6557 -33
6558 -32
6559 -31
6560 -30
6561 -31
6562 -30
6563 -31
6564 -32
6565 -31
6566 -32
6567 -31
6568 -32
6569 -33
6570 -34
6571 -33
6572 -32
6573 -31
6574 -32
6575 -31
6576 -32
6577 -31
6578 -32
6579 -31
6580 -30
6581 -31
6582 -30
6583 -29
6584 -30
6585 -31
6586 -32
6587 -31
6588 -32
6589 -31
6590 -32
6591 -31
6592 -30
6593 -29
6594 -30
6595 -31
6596 -32
6597 -31
6598 -32
6599 -33
6600 -32
6601 -31
6602 -30
6603 -31
6604 -32
6605 -31
6606 -30
6607 -31
6608 -32
6609 -31
6610 -30
6611 -31
6612 -30
6613 -31
6614 -30
6615 -29
6616 -28
6617 -29
6618 -30
6619 -31
6620 -30
6621 -29
6622 -28
6623 -29
6624 -28
6625 -27
6626 -28
6627 -27
6628 -26
6629 -25
6630 -24
6631 -23
6632 -24
6633 -23
6634 -24
6635 -25
6636 -26
6637 -27
6638 -28
6639 -29
6640 -28
6641 -29
6642 -30
6643 -31
6644 -32
6645 -33
6646 -34
6647 -35
6648 -34
6649 -33
6650 -32
6651 -33
6652 -34
6653 -33
6654 -32
6655 -31
6656 -32
6657 -33
6658 -34
6659 -33
6660 -34
6661 -35
6662 -34
6663 -33
6664 -34
6665 -33
6666 -32
6667 -33
6668 -32
6669 -33
6670 -32
6671 -33
6672 -32
6673 -33
6674 -34
6675 -33
6676 -32
6677 -33
6678 -34
6679 -35
6680 -36
6681 -35
6682 -34
6683 -35
6684 -36
6685 -37
6686 -38
6687 -39
6688 -38
6689 -39
6690 -40
6691 -41
6692 -42
6693 -41
6694 -40
6695 -41
6696 -40
6697 -39
6698 -40
6699 -41
6700 -40
6701 -41
6702 -40
6703 -39
6704 -40
6705 -41
6706 -40
6707 -39
6708 -38
6709 -39
6710 -40
6711 -41
6712 -42
6713 -43
6714 -42
6715 -41
6716 -40
6717 -41
6718 -42
6719 -43
6720 -44
6721 -43
6722 -42
6723 -41
6724 -40
6725 -41
6726 -42
6727 -43
6728 -42
6729 -41
6730 -40
6731 -41
6732 -40
6733 -41
6734 -40
6735 -41
6736 -42
6737 -41
6738 -42
6739 -41
6740 -40
6741 -41
6742 -40
6743 -39
6744 -38
6745 -39
6746 -38
6747 -39
6748 -38
6749 -39
6750 -40
6751 -39
6752 -40
6753 -39
6754 -38
6755 -39
6756 -40
6757 -41
6758 -42
6759 -41
6760 -40
6761 -39
6762 -38
6763 -37
6764 -38
6765 -39
6766 -38
6767 -37
6768 -36
6769 -35
6770 -34
6771 -35
6772 -34
6773 -35
6774 -34
6775 -33
6776 -32
6777 -33
6778 -34
6779 -33
6780 -34
6781 -35
6782 -34
6783 -35
6784 -36
6785 -35
6786 -36
6787 -35
6788 -34
6789 -33
6790 -32
6791 -31
6792 -32
6793 -33
6794 -32
6795 -31
6796 -30
6797 -29
6798 -30
6799 -31
6800 -32
6801 -33
6802 -32
6803 -33
6804 -32
6805 -33
6806 -32
6807 -31
6808 -30
6809 -31
6810 -30
6811 -29
6812 -30
6813 -29
6814 -30
6815 -29
6816 -30
6817 -31
6818 -30
6819 -31
6820 -32
6821 -33
6822 -32
6823 -33
6824 -34
6825 -33
6826 -34
6827 -33
6828 -32
6829 -31
6830 -30
6831 -29
6832 -30
6833 -31
6834 -32
6835 -33
6836 -34
6837 -35
6838 -36
6839 -35
6840 -36
6841 -37
6842 -38
6843 -37
6844 -36
6845 -35
6846 -36
6847 -35
6848 -34
6849 -33
6850 -32
6851 -31
6852 -32
6853 -33
6854 -32
6855 -31
6856 -30
6857 -29
6858 -30
6859 -31
6860 -30
6861 -31
6862 -30
6863 -29
6864 -30
6865 -31
6866 -32
6867 -31
6868 -32
6869 -31
6870 -30
6871 -29
6872 -30
6873 -31
6874 -30
6875 -31
6876 -32
6877 -31
6878 -32
6879 -31
6880 -32
6881 -31
6882 -30
6883 -29
6884 -28
6885 -27
6886 -26
6887 -27
6888 -26
6889 -27
6890 -26
6891 -25
6892 -24
6893 -25
6894 -26
6895 -27
6896 -26
6897 -27
6898 -28
6899 -27
6900 -26
6901 -27
6902 -28
6903 -29
6904 -30
6905 -29
6906 -30
6907 -31
6908 -32
6909 -31
6910 -30
6911 -29
6912 -28
6913 -29
6914 -30
6915 -29
6916 -30
6917 -31
6918 -30
6919 -29
6920 -28
6921 -27
6922 -28
6923 -27
6924 -28
6925 -29
6926 -28
6927 -29
6928 -30
6929 -31
6930 -32
6931 -33
6932 -32
6933 -31
6934 -30
6935 -31
6936 -32
6937 -33
6938 -32
6939 -31
6940 -30
6941 -31
6942 -32
6943 -33
6944 -32
6945 -31
6946 -32
6947 -31
6948 -30
6949 -31
6950 -32
6951 -33
6952 -32
6953 -33
6954 -34
6955 -35
6956 -36
6957 -37
6958 -36
6959 -37
6960 -38
6961 -37
6962 -36
6963 -37
6964 -36
6965 -37
6966 -38
6967 -39
6968 -38
6969 -37
6970 -38
6971 -39
6972 -38
6973 -37
6974 -38
6975 -39
6976 -38
6977 -37
6978 -38
6979 -37
6980 -38
6981 -39
6982 -40
6983 -41
6984 -40
6985 -41
6986 -40
6987 -41
6988 -40
6989 -39
6990 -38
6991 -37
6992 -38
6993 -39
6994 -40
6995 -39
6996 -40
6997 -39
6998 -38
6999 -39
7000 -40
7001 -39
7002 -40
7003 -39
7004 -38
7005 -39
7006 -40
7007 -41
7008 -40
7009 -39
7010 -38
7011 -39
7012 -40
7013 -39
7014 -38
7015 -39
7016 -38
7017 -39
7018 -38
7019 -39
7020 -40
7021 -41
7022 -42
7023 -43
7024 -44
7025 -45
7026 -46
7027 -45
7028 -46
7029 -45
7030 -44
7031 -43
7032 -42
7033 -43
7034 -42
7035 -43
7036 -42
7037 -43
7038 -42
7039 -41
7040 -42
7041 -41
7042 -42
7043 -41
7044 -40
7045 -41
7046 -40
7047 -41
7048 -40
7049 -41
7050 -42
7051 -43
7052 -44
7053 -45
7054 -46
7055 -45
7056 -46
7057 -47
7058 -46
7059 -45
7060 -44
7061 -45
7062 -44
7063 -43
7064 -44
7065 -43
7066 -42
7067 -43
7068 -42
7069 -41
7070 -42
7071 -43
7072 -42
7073 -41
7074 -40
7075 -41
7076 -42
7077 -41
7078 -40
7079 -41
7080 -40
7081 -41
7082 -40
7083 -39
7084 -38
7085 -39
7086 -40
7087 -41
7088 -42
7089 -43
7090 -44
7091 -45
7092 -44
7093 -43
7094 -44
7095 -43
7096 -42
7097 -43
7098 -44
7099 -45
7100 -46
7101 -47
7102 -46
7103 -47
7104 -48
7105 -49
7106 -48
7107 -47
7108 -48
7109 -47
7110 -48
7111 -47
7112 -46
7113 -45
7114 -46
7115 -45
7116 -44
7117 -43
7118 -42
7119 -41
7120 -42
7121 -41
7122 -40
7123 -39
7124 -38
7125 -37
7126 -38
7127 -37
7128 -36
7129 -35
7130 -34
7131 -35
7132 -36
7133 -37
7134 -36
7135 -37
7136 -38
7137 -37
7138 -36
7139 -37
7140 -38
7141 -39
7142 -40
7143 -41
7144 -40
7145 -39
7146 -38
7147 -37
7148 -36
7149 -35
7150 -36
7151 -37
7152 -36
7153 -37
7154 -36
7155 -35
7156 -36
7157 -35
7158 -36
7159 -37
7160 -36
7161 -37
7162 -36
7163 -35
7164 -36
7165 -37
7166 -36
7167 -35
7168 -34
7169 -33
7170 -32
7171 -33
7172 -34
7173 -33
7174 -34
7175 -35
7176 -34
7177 -35
7178 -36
7179 -37
7180 -36
7181 -37
7182 -38
7183 -37
7184 -38
7185 -39
7186 -38
7187 -37
7188 -36
7189 -35
7190 -36
7191 -37
7192 -38
7193 -37
7194 -36
7195 -37
7196 -36
7197 -37
7198 -36
7199 -37
7200 -38
7201 -39
7202 -40
7203 -39
7204 -38
7205 -37
7206 -36
7207 -35
7208 -36
7209 -37
7210 -36
7211 -37
7212 -36
7213 -35
7214 -34
7215 -35
7216 -34
7217 -33
7218 -32
7219 -31
7220 -32
7221 -33
7222 -34
7223 -35
7224 -36
7225 -37
7226 -38
7227 -37
7228 -38
7229 -37
7230 -36
7231 -37
7232 -38
7233 -39
7234 -40
7235 -39
7236 -38
7237 -37
7238 -38
7239 -39
7240 -38
7241 -37
7242 -36
7243 -37
7244 -36
7245 -37
7246 -36
7247 -37
7248 -36
7249 -37
7250 -38
7251 -39
7252 -40
7253 -39
7254 -40
7255 -41
7256 -40
7257 -39
7258 -40
7259 -39
7260 -40
7261 -39
7262 -40
7263 -41
7264 -42
7265 -41
7266 -42
7267 -41
7268 -42
7269 -43
7270 -44
7271 -43
7272 -44
7273 -45
7274 -44
7275 -45
7276 -44
7277 -45
7278 -46
7279 -47
7280 -46
7281 -47
7282 -48
7283 -47
7284 -46
7285 -45
7286 -44
7287 -45
7288 -46
7289 -45
7290 -46
7291 -47
7292 -48
7293 -49
7294 -48
7295 -47
7296 -46
7297 -45
7298 -46
7299 -47
7300 -46
7301 -45
7302 -46
7303 -47
7304 -48
7305 -49
7306 -48
7307 -49
7308 -48
7309 -49
7310 -50
7311 -51
7312 -50
7313 -51
7314 -50
7315 -51
7316 -52
7317 -53
7318 -54
7319 -53
7320 -52
7321 -53
7322 -52
7323 -51
7324 -52
7325 -53
7326 -54
7327 -55
7328 -54
7329 -53
7330 -54
7331 -55
7332 -56
7333 -57
7334 -56
7335 -55
7336 -54
7337 -55
7338 -54
7339 -53
7340 -52
7341 -51
7342 -50
7343 -51
7344 -50
7345 -49
7346 -50
7347 -49
7348 -50
7349 -49
7350 -48
7351 -47
7352 -48
7353 -47
7354 -46
7355 -47
7356 -46
7357 -47
7358 -46
7359 -45
7360 -46
7361 -45
7362 -46
7363 -45
7364 -46
7365 -47
7366 -46
7367 -47
7368 -46
7369 -45
7370 -46
7371 -45
7372 -46
7373 -47
7374 -46
7375 -47
7376 -46
7377 -45
7378 -46
7379 -47
7380 -46
7381 -45
7382 -46
7383 -47
7384 -48
7385 -49
7386 -48
7387 -47
7388 -46
7389 -47
7390 -46
7391 -45
7392 -44
7393 -43
7394 -44
7395 -43
7396 -44
7397 -43
7398 -42
7399 -43
7400 -44
7401 -45
7402 -44
7403 -43
7404 -44
7405 -43
7406 -42
7407 -41
7408 -42
7409 -43
7410 -44
7411 -45
7412 -46
7413 -47
7414 -48
7415 -49
7416 -48
7417 -47
7418 -48
7419 -47
7420 -46
7421 -45
7422 -46
7423 -45
7424 -46
7425 -45
7426 -46
7427 -45
7428 -44
7429 -43
7430 -44
7431 -43
7432 -44
7433 -43
7434 -42
7435 -43
7436 -44
7437 -45
7438 -44
7439 -45
7440 -44
7441 -45
7442 -44
7443 -45
7444 -46
7445 -47
7446 -48
7447 -49
7448 -48
7449 -47
7450 -46
7451 -47
7452 -48
7453 -49
7454 -50
7455 -49
7456 -50
7457 -49
7458 -48
7459 -47
7460 -46
7461 -47
7462 -48
7463 -49
7464 -48
7465 -49
7466 -48
7467 -47
7468 -46
7469 -45
7470 -44
7471 -43
7472 -42
7473 -43
7474 -44
7475 -43
7476 -42
7477 -41
7478 -42
7479 -41
7480 -42
7481 -43
7482 -42
7483 -41
7484 -40
7485 -41
7486 -42
7487 -41
7488 -40
7489 -41
7490 -42
7491 -43
7492 -42
7493 -41
7494 -42
7495 -43
7496 -42
7497 -41
7498 -42
7499 -41
7500 -42
7501 -41
7502 -40
7503 -39
7504 -40
7505 -39
7506 -40
7507 -39
7508 -38
7509 -39
7510 -38
7511 -37
7512 -36
7513 -37
7514 -38
7515 -37
7516 -38
7517 -39
7518 -38
7519 -37
7520 -38
7521 -37
7522 -36
7523 -37
7524 -36
7525 -37
7526 -38
7527 -37
7528 -38
7529 -37
7530 -38
7531 -39
7532 -38
7533 -37
7534 -36
7535 -37
7536 -38
7537 -37
7538 -36
7539 -35
7540 -36
7541 -37
7542 -38
7543 -37
7544 -36
7545 -35
7546 -34
7547 -35
7548 -36
7549 -37
7550 -36
7551 -37
7552 -38
7553 -39
7554 -38
7555 -39
7556 -38
7557 -39
7558 -38
7559 -37
7560 -38
7561 -39
7562 -40
7563 -39
7564 -40
7565 -39
7566 -38
7567 -37
7568 -36
7569 -35
7570 -34
7571 -35
7572 -36
7573 -35
7574 -34
7575 -35
7576 -34
7577 -33
7578 -32
7579 -33
7580 -34
7581 -33
7582 -32
7583 -31
7584 -30
7585 -29
7586 -30
7587 -29
7588 -28
7589 -29
7590 -28
7591 -29
7592 -30
7593 -29
7594 -28
7595 -27
7596 -28
7597 -27
7598 -28
7599 -27
7600 -26
7601 -27
7602 -26
7603 -25
7604 -24
7605 -23
7606 -24
7607 -25
7608 -26
7609 -25
7610 -24
7611 -25
7612 -24
7613 -25
7614 -24
7615 -23
7616 -22
7617 -21
7618 -22
7619 -21
7620 -20
7621 -19
7622 -18
7623 -17
7624 -16
7625 -15
7626 -14
7627 -13
7628 -12
7629 -11
7630 -10
7631 -11
7632 -12
7633 -11
7634 -12
7635 -13
7636 -12
7637 -13
7638 -14
7639 -13
7640 -12
7641 -11
7642 -10
7643 -9
7644 -8
7645 -7
7646 -8
7647 -9
7648 -8
7649 -9
7650 -8
7651 -9
7652 -10
7653 -9
7654 -8
7655 -9
7656 -10
7657 -11
7658 -10
7659 -11
7660 -10
7661 -11
7662 -10
7663 -9
7664 -10
7665 -11
7666 -12
7667 -11
7668 -10
7669 -9
7670 -8
7671 -7
7672 -8
7673 -9
7674 -10
7675 -9
7676 -8
7677 -9
7678 -10
7679 -11
7680 -10
7681 -9
7682 -8
7683 -9
7684 -10
7685 -9
7686 -8
7687 -7
7688 -6
7689 -7
7690 -6
7691 -5
7692 -6
7693 -7
7694 -6
7695 -7
7696 -8
7697 -7
7698 -6
7699 -5
7700 -6
7701 -7
7702 -8
7703 -7
7704 -8
7705 -9
7706 -8
7707 -7
7708 -6
7709 -7
7710 -6
7711 -5
7712 -4
7713 -3
7714 -4
7715 -3
7716 -2
7717 -1
7718 -2
7719 -1
7720 -2
7721 -3
7722 -2
7723 -1
7724 -2
7725 -3
7726 -4
7727 -5
7728 -6
7729 -5
7730 -4
7731 -3
7732 -4
7733 -3
7734 -4
7735 -3
7736 -4
7737 -3
7738 -4
7739 -5
7740 -4
7741 -3
7742 -2
7743 -3
7744 -4
7745 -3
7746 -2
7747 -3
7748 -2
7749 -1
7750 -2
7751 -1
7752 0
7753 -1
7754 -2
7755 -1
7756 -2
7757 -3
7758 -4
7759 -3
7760 -2
7761 -3
7762 -2
7763 -1
7764 0
7765 1
7766 2
7767 3
7768 2
7769 3
7770 4
7771 3
7772 4
7773 5
7774 4
7775 3
7776 2
7777 1
7778 2
7779 1
7780 2
7781 1
7782 0
7783 -1
7784 -2
7785 -3
7786 -2
7787 -1
7788 0
7789 -1
7790 -2
7791 -1
7792 -2
7793 -1
7794 -2
7795 -1
7796 0
7797 -1
7798 -2
7799 -3
7800 -2
7801 -1
7802 -2
7803 -3
7804 -4
7805 -3
7806 -2
7807 -3
7808 -4
7809 -3
7810 -2
7811 -1
7812 0
7813 -1
7814 -2
7815 -1
7816 0
7817 -1
7818 -2
7819 -1
7820 -2
7821 -3
7822 -4
7823 -3
7824 -4
7825 -3
7826 -2
7827 -1
7828 0
7829 1
7830 2
7831 3
7832 2
7833 3
7834 2
7835 3
7836 4
7837 3
7838 2
7839 1
7840 0
7841 -1
7842 -2
7843 -3
7844 -2
7845 -1
7846 0
7847 1
7848 2
7849 1
7850 0
7851 1
7852 0
7853 -1
7854 -2
7855 -1
7856 0
7857 -1
7858 0
7859 1
7860 2
7861 3
7862 4
7863 5
7864 4
7865 5
7866 6
7867 7
7868 8
7869 9
7870 10
7871 11
7872 12
7873 13
7874 12
7875 13
7876 12
7877 13
7878 12
7879 13
7880 14
7881 13
7882 14
7883 15
7884 16
7885 15
7886 16
7887 15
7888 16
7889 15
7890 16
7891 17
7892 16
7893 15
7894 16
7895 15
7896 16
7897 15
7898 16
7899 15
7900 16
7901 15
7902 14
7903 15
7904 16
7905 15
7906 16
7907 15
7908 14
7909 15
7910 16
7911 15
7912 16
7913 17
7914 18
7915 17
7916 18
7917 17
7918 16
7919 17
7920 16
7921 15
7922 16
7923 15
7924 16
7925 17
7926 16
7927 15
7928 16
7929 15
7930 14
7931 15
7932 16
7933 15
7934 14
7935 13
7936 14
7937 13
7938 12
7939 11
7940 12
7941 11
7942 10
7943 11
7944 10
7945 9
7946 8
7947 7
7948 6
7949 5
7950 6
7951 5
7952 4
7953 5
7954 6
7955 7
7956 8
7957 9
7958 10
7959 9
7960 10
7961 11
7962 12
7963 11
7964 10
7965 9
7966 10
7967 9
7968 10
7969 9
7970 10
7971 9
7972 8
7973 7
7974 6
7975 5
7976 6
7977 5
7978 6
7979 5
7980 4
7981 5
7982 4
7983 3
7984 2
7985 3
7986 4
7987 3
7988 4
7989 3
7990 4
7991 5
7992 4
7993 3
7994 2
7995 3
7996 2
7997 1
7998 2
7999 3
8000 4
8001 5
8002 4
8003 3
8004 2
8005 1
8006 2
8007 1
8008 0
8009 -1
8010 0
8011 1
8012 2
8013 1
8014 0
8015 1
8016 2
8017 1
8018 0
8019 1
8020 2
8021 1
8022 2
8023 3
8024 4
8025 5
8026 4
8027 3
8028 2
8029 3
8030 4
8031 5
8032 4
8033 5
8034 4
8035 3
8036 2
8037 1
8038 2
8039 1
8040 0
8041 1
8042 2
8043 1
8044 2
8045 3
8046 4
8047 5
8048 6
8049 7
8050 6
8051 5
8052 6
8053 7
8054 6
8055 5
8056 4
8057 3
8058 4
8059 3
8060 2
8061 3
8062 2
8063 3
8064 2
8065 3
8066 2
8067 3
8068 2
8069 3
8070 2
8071 3
8072 2
8073 1
8074 2
8075 3
8076 2
8077 3
8078 2
8079 3
8080 4
8081 5
8082 6
8083 7
8084 6
8085 7
8086 6
8087 7
8088 8
8089 9
8090 8
8091 7
8092 6
8093 7
8094 6
8095 7
8096 8
8097 9
8098 10
8099 9
8100 10
8101 9
8102 8
8103 9
8104 8
8105 7
8106 6
8107 5
8108 4
8109 5
8110 4
8111 5
8112 6
8113 7
8114 6
8115 7
8116 8
8117 7
8118 8
8119 9
8120 10
8121 11
8122 10
8123 11
8124 12
8125 13
8126 12
8127 11
8128 12
8129 11
8130 12
8131 13
8132 14
8133 15
8134 16
8135 17
8136 16
8137 17
8138 18
8139 17
8140 16
8141 17
8142 18
8143 17
8144 16
8145 15
8146 16
8147 17
8148 16
8149 15
8150 14
8151 13
8152 14
8153 15
8154 14
8155 13
8156 14
8157 15
8158 16
8159 17
8160 16
8161 17
8162 16
8163 15
8164 16
8165 17
8166 18
8167 17
8168 18
8169 19
8170 18
8171 19
8172 20
8173 21
8174 22
8175 21
8176 20
8177 19
8178 18
8179 19
8180 18
8181 19
8182 18
8183 19
8184 20
8185 19
8186 20
8187 21
8188 22
8189 23
8190 24
8191 25
8192 24
8193 25
8194 26
8195 27
8196 28
8197 29
8198 30
8199 29
8200 28
8201 27
8202 26
8203 25
8204 24
8205 25
8206 26
8207 25
8208 26
8209 25
8210 24
8211 25
8212 24
8213 23
8214 24
8215 25
8216 24
8217 23
8218 24
8219 25
8220 24
8221 23
8222 22
8223 21
8224 22
8225 23
8226 22
8227 21
8228 22
8229 21
8230 22
8231 21
8232 20
8233 21
8234 20
8235 19
8236 18
8237 17
8238 16
8239 15
8240 14
8241 13
8242 12
8243 11
8244 12
8245 11
8246 10
8247 11
8248 12
8249 13
8250 14
8251 15
8252 14
8253 15
8254 14
8255 13
8256 12
8257 13
8258 14
8259 15
8260 14
8261 15
8262 16
8263 17
8264 16
8265 17
8266 16
8267 15
8268 16
8269 17
8270 18
8271 17
8272 16
8273 17
8274 18
8275 19
8276 20
8277 21
8278 22
8279 23
8280 22
8281 23
8282 24
8283 23
8284 24
8285 23
8286 22
8287 21
8288 22
8289 21
8290 22
8291 21
8292 20
8293 21
8294 22
8295 21
8296 22
8297 21
8298 22
8299 21
8300 20
8301 21
8302 22
8303 23
8304 24
8305 25
8306 24
8307 25
8308 26
8309 25
8310 26
8311 25
8312 24
8313 23
8314 24
8315 25
8316 26
8317 25
8318 24
8319 23
8320 24
8321 25
8322 26
8323 27
8324 28
8325 27
8326 26
8327 25
8328 24
8329 25
8330 24
8331 25
8332 26
8333 25
8334 24
8335 25
8336 26
8337 25
8338 24
8339 25
8340 26
8341 27
8342 28
8343 27
8344 26
8345 27
8346 28
8347 27
8348 28
8349 27
8350 28
8351 29
8352 28
8353 27
8354 26
8355 27
8356 26
8357 25
8358 26
8359 27
8360 26
8361 27
8362 26
8363 27
8364 28
8365 29
8366 30
8367 31
8368 32
8369 33
8370 34
8371 33
8372 34
8373 35
8374 34
8375 33
8376 34
8377 33
8378 32
8379 33
8380 34
8381 35
8382 34
8383 35
8384 36
8385 37
8386 36
8387 37
8388 38
8389 39
8390 40
8391 39
8392 38
8393 39
8394 38
8395 37
8396 38
8397 37
8398 38
8399 37
8400 36
8401 37
8402 38
8403 39
8404 40
8405 39
8406 40
8407 41
8408 40
8409 39
8410 38
8411 37
8412 36
8413 35
8414 34
8415 33
8416 34
8417 35
8418 34
8419 35
8420 36
8421 35
8422 36
8423 35
8424 36
8425 37
8426 36
8427 35
8428 34
8429 35
8430 34
8431 33
8432 34
8433 35
8434 36
8435 35
8436 34
8437 35
8438 34
8439 35
8440 34
8441 33
8442 34
8443 33
8444 34
8445 33
8446 34
8447 35
8448 36
8449 35
8450 34
8451 35
8452 34
8453 35
8454 34
8455 33
8456 32
8457 31
8458 30
8459 29
8460 30
8461 29
8462 28
8463 27
8464 26
8465 27
8466 26
8467 27
8468 26
8469 25
8470 26
8471 25
8472 26
8473 25
8474 26
8475 27
8476 26
8477 25
8478 24
8479 25
8480 26
8481 27
8482 28
8483 29
8484 30
8485 31
8486 30
8487 31
8488 32
8489 33
8490 34
8491 33
8492 34
8493 35
8494 34
8495 35
8496 36
8497 35
8498 36
8499 37
8500 38
8501 37
8502 38
8503 39
8504 40
8505 41
8506 42
8507 41
8508 40
8509 41
8510 42
8511 41
8512 40
8513 41
8514 42
8515 41
8516 40
8517 41
8518 42
8519 41
8520 42
8521 41
8522 42
8523 43
8524 42
8525 43
8526 44
8527 43
8528 42
8529 41
8530 40
8531 41
8532 40
8533 41
8534 42
8535 43
8536 44
8537 45
8538 46
8539 45
8540 46
8541 45
8542 44
8543 45
8544 46
8545 45
8546 44
8547 45
8548 44
8549 43
8550 42
8551 43
8552 42
8553 41
8554 42
8555 43
8556 42
8557 41
8558 42
8559 41
8560 40
8561 41
8562 42
8563 43
8564 44
8565 45
8566 44
8567 45
8568 44
8569 45
8570 46
8571 45
8572 46
8573 45
8574 46
8575 47
8576 46
8577 47
8578 48
8579 47
8580 48
8581 47
8582 48
8583 47
8584 48
8585 47
8586 48
8587 49
8588 50
8589 51
8590 52
8591 53
8592 52
8593 51
8594 52
8595 51
8596 52
8597 51
8598 52
8599 53
8600 52
8601 51
8602 50
8603 51
8604 52
8605 53
8606 52
8607 51
8608 50
8609 49
8610 48
8611 47
8612 48
8613 47
8614 48
8615 49
8616 50
8617 51
8618 50
8619 51
8620 50
8621 51
8622 50
8623 51
8624 50
8625 49
8626 48
8627 49
8628 50
8629 49
8630 48
8631 49
8632 48
8633 47
8634 48
8635 47
8636 48
8637 49
8638 50
8639 51
8640 50
8641 49
8642 48
8643 49
8644 50
8645 49
8646 48
8647 49
8648 48
8649 47
8650 46
8651 45
8652 44
8653 45
8654 44
8655 45
8656 44
8657 43
8658 42
8659 41
8660 40
8661 39
8662 38
8663 37
8664 38
8665 39
8666 40
8667 39
8668 38
8669 39
8670 38
8671 37
8672 36
8673 37
8674 36
8675 35
8676 34
8677 35
8678 34
8679 33
8680 34
8681 35
8682 36
8683 37
8684 38
8685 39
8686 38
8687 39
8688 40
8689 39
8690 40
8691 39
8692 38
8693 37
8694 38
8695 37
8696 36
8697 37
8698 38
8699 39
8700 40
8701 41
8702 42
8703 43
8704 42
8705 43
8706 44
8707 43
8708 42
8709 41
8710 42
8711 43
8712 42
8713 43
8714 44
8715 43
8716 42
8717 41
8718 42
8719 43
8720 44
8721 45
8722 44
8723 43
8724 44
8725 43
8726 42
8727 41
8728 40
8729 39
8730 38
8731 37
8732 36
8733 37
8734 38
8735 37
8736 36
8737 35
8738 34
8739 33
8740 32
8741 31
8742 30
8743 29
8744 30
8745 29
8746 28
8747 27
8748 26
8749 27
8750 28
8751 29
8752 30
8753 31
8754 32
8755 33
8756 32
8757 31
8758 32
8759 33
8760 34
8761 35
8762 36
8763 35
8764 36
8765 35
8766 34
8767 35
8768 36
8769 35
8770 36
8771 35
8772 36
8773 35
8774 34
8775 33
8776 32
8777 33
8778 32
8779 33
8780 34
8781 35
8782 36
8783 35
8784 34
8785 35
8786 34
8787 33
8788 32
8789 33
8790 32
8791 33
8792 34
8793 35
8794 36
8795 35
8796 36
8797 37
8798 38
8799 39
8800 40
8801 39
8802 40
8803 39
8804 38
8805 39
8806 38
8807 37
8808 36
8809 37
8810 38
8811 37
8812 38
8813 37
8814 36
8815 35
8816 34
8817 33
8818 34
8819 35
8820 36
8821 35
8822 34
8823 33
8824 34
8825 35
8826 36
8827 37
8828 36
8829 37
8830 36
8831 35
8832 36
8833 37
8834 38
8835 37
8836 38
8837 39
8838 38
8839 39
8840 38
8841 37
8842 38
8843 37
8844 36
8845 37
8846 38
8847 39
8848 40
8849 41
8850 40
8851 39
8852 40
8853 39
8854 38
8855 37
8856 36
8857 37
8858 36
8859 37
8860 38
8861 37
8862 36
8863 37
8864 38
8865 37
8866 36
8867 37
8868 38
8869 39
8870 40
8871 39
8872 38
8873 39
8874 40
8875 39
8876 38
8877 37
8878 36
8879 35
8880 34
8881 33
8882 32
8883 31
8884 30
8885 31
8886 30
8887 31
8888 32
8889 31
8890 30
8891 31
8892 32
8893 33
8894 32
8895 31
8896 32
8897 33
8898 32
8899 33
8900 32
8901 31
8902 30
8903 31
8904 30
8905 29
8906 28
8907 29
8908 28
8909 29
8910 28
8911 29
8912 28
8913 27
8914 26
8915 27
8916 26
8917 27
8918 26
8919 25
8920 24
8921 25
8922 24
8923 25
8924 24
8925 25
8926 24
8927 25
8928 26
8929 27
8930 28
8931 27
8932 28
8933 27
8934 26
8935 25
8936 26
8937 27
8938 28
8939 27
8940 28
8941 29
8942 28
8943 29
8944 30
8945 31
8946 30
8947 29
8948 30
8949 31
8950 32
8951 33
8952 32
8953 31
8954 30
8955 31
8956 30
8957 29
8958 28
8959 29
8960 30
8961 29
8962 30
8963 31
8964 30
8965 29
8966 28
8967 29
8968 28
8969 29
8970 30
8971 29
8972 28
8973 27
8974 28
8975 29
8976 30
8977 31
8978 32
8979 33
8980 32
8981 31
8982 32
8983 31
8984 32
8985 33
8986 32
8987 31
8988 30
8989 29
8990 30
8991 31
8992 30
8993 29
8994 28
8995 29
8996 28
8997 27
8998 28
8999 27
9000 28
9001 27
9002 28
9003 29
9004 28
9005 29
9006 30
9007 29
9008 30
9009 31
9010 32
9011 31
9012 32
9013 33
9014 32
9015 31
9016 32
9017 31
9018 30
9019 29
9020 30
9021 29
9022 30
9023 29
9024 28
9025 29
9026 28
9027 27
9028 28
9029 27
9030 26
9031 27
9032 26
9033 27
9034 26
9035 27
9036 26
9037 25
9038 26
9039 27
9040 28
9041 27
9042 26
9043 27
9044 28
9045 29
9046 30
9047 31
9048 30
9049 31
9050 32
9051 31
9052 30
9053 29
9054 30
9055 29
9056 30
9057 29
9058 30
9059 31
9060 32
9061 33
9062 34
9063 33
9064 34
9065 35
9066 34
9067 35
9068 36
9069 35
9070 36
9071 37
9072 38
9073 37
9074 36
9075 35
9076 34
9077 35
9078 34
9079 35
9080 34
9081 35
9082 34
9083 33
9084 32
9085 31
9086 30
9087 31
9088 30
9089 29
9090 28
9091 27
9092 28
9093 27
9094 28
9095 29
9096 28
9097 27
9098 28
9099 27
9100 28
9101 27
9102 28
9103 27
9104 28
9105 27
9106 28
9107 29
9108 30
9109 31
9110 32
9111 31
9112 32
9113 33
9114 32
9115 31
9116 32
9117 33
9118 32
9119 31
9120 30
9121 29
9122 30
9123 31
9124 32
9125 31
9126 32
9127 31
9128 30
9129 31
9130 32
9131 33
9132 34
9133 33
9134 34
9135 35
9136 36
9137 35
9138 36
9139 37
9140 38
9141 37
9142 38
9143 37
9144 38
9145 39
9146 38
9147 39
9148 38
9149 37
9150 38
9151 37
9152 38
9153 37
9154 36
9155 37
9156 38
9157 37
9158 36
9159 37
9160 36
9161 35
9162 36
9163 35
9164 36
9165 37
9166 38
9167 37
9168 38
9169 39
9170 40
9171 39
9172 38
9173 39
9174 38
9175 39
9176 38
9177 39
9178 40
9179 41
9180 42
9181 41
9182 40
9183 39
9184 38
9185 39
9186 40
9187 41
9188 40
9189 41
9190 40
9191 39
9192 38
9193 37
9194 36
9195 37
9196 36
9197 37
9198 38
9199 39
9200 38
9201 37
9202 36
9203 37
9204 38
9205 39
9206 40
9207 39
9208 38
9209 39
9210 38
9211 37
9212 36
9213 35
9214 36
9215 35
9216 34
9217 35
9218 36
9219 35
9220 34
9221 33
9222 34
9223 33
9224 34
9225 35
9226 34
9227 35
9228 34
9229 35
9230 36
9231 37
9232 38
9233 39
9234 40
9235 39
9236 40
9237 41
9238 42
9239 43
9240 42
9241 41
9242 42
9243 43
9244 44
9245 43
9246 42
9247 41
9248 42
9249 41
9250 40
9251 39
9252 38
9253 37
9254 36
9255 37
9256 36
9257 35
9258 34
9259 33
9260 34
9261 35
9262 34
9263 33
9264 32
9265 31
9266 30
9267 29
9268 30
9269 29
9270 30
9271 31
9272 30
9273 29
9274 30
9275 31
9276 32
9277 31
9278 32
9279 33
9280 32
9281 33
9282 34
9283 33
9284 34
9285 35
9286 34
9287 35
9288 36
9289 37
9290 38
9291 37
9292 38
9293 37
9294 38
9295 39
9296 38
9297 39
9298 40
9299 41
9300 42
9301 43
9302 44
9303 43
9304 42
9305 43
9306 42
9307 43
9308 42
9309 41
9310 42
9311 43
9312 44
9313 45
9314 46
9315 47
9316 46
9317 45
9318 46
9319 45
9320 46
9321 45
9322 46
9323 45
9324 46
9325 47
9326 48
9327 49
9328 50
9329 49
9330 48
9331 47
9332 48
9333 47
9334 48
9335 49
9336 50
9337 51
9338 50
9339 49
9340 48
9341 47
9342 48
9343 49
9344 48
9345 47
9346 46
9347 47
9348 46
9349 45
9350 44
9351 43
9352 42
9353 43
9354 42
9355 41
9356 42
9357 43
9358 44
9359 43
9360 42
9361 41
9362 40
9363 39
9364 38
9365 37
9366 38
9367 39
9368 40
9369 41
9370 42
9371 43
9372 42
9373 41
9374 42
9375 41
9376 42
9377 41
9378 42
9379 41
9380 42
9381 43
9382 44
9383 43
9384 42
9385 41
9386 42
9387 43
9388 42
9389 43
9390 42
9391 41
9392 42
9393 43
9394 42
9395 43
9396 44
9397 45
9398 44
9399 43
9400 42
9401 43
9402 42
9403 41
9404 42
9405 41
9406 40
9407 39
9408 40
9409 39
9410 40
9411 41
9412 42
9413 43
9414 42
9415 41
9416 42
9417 41
9418 40
9419 39
9420 38
9421 37
9422 38
9423 37
9424 36
9425 35
9426 36
9427 35
9428 36
9429 35
9430 34
9431 33
9432 34
9433 35
9434 34
9435 35
9436 34
9437 35
9438 36
9439 35
9440 34
9441 35
9442 36
9443 37
9444 38
9445 39
9446 38
9447 37
9448 36
9449 37
9450 36
9451 37
9452 36
9453 35
9454 34
9455 35
9456 34
9457 35
9458 34
9459 35
9460 34
9461 33
9462 34
9463 35
9464 34
9465 33
9466 32
9467 31
9468 30
9469 29
9470 28
9471 27
9472 26
9473 27
9474 28
9475 27
9476 28
9477 27
9478 28
9479 29
9480 28
9481 27
9482 28
9483 29
9484 30
9485 29
9486 30
9487 31
9488 30
9489 31
9490 32
9491 33
9492 32
9493 33
9494 34
9495 35
9496 36
9497 35
9498 34
9499 33
9500 32
9501 31
9502 30
9503 31
9504 30
9505 31
9506 30
9507 29
9508 30
9509 29
9510 28
9511 29
9512 30
9513 29
9514 30
9515 29
9516 28
9517 29
9518 30
9519 31
9520 32
9521 33
9522 32
9523 31
9524 32
9525 31
9526 32
9527 33
9528 34
9529 33
9530 34
9531 35
9532 36
9533 35
9534 36
9535 37
9536 38
9537 39
9538 40
9539 39
9540 38
9541 39
9542 40
9543 39
9544 40
9545 41
9546 42
9547 41
9548 42
9549 41
9550 42
9551 43
9552 42
9553 43
9554 44
9555 43
9556 44
9557 43
9558 44
9559 45
9560 46
9561 47
9562 48
9563 49
9564 48
9565 49
9566 50
9567 49
9568 50
9569 51
9570 52
9571 51
9572 50
9573 49
9574 50
9575 49
9576 50
9577 51
9578 52
9579 53
9580 54
9581 55
9582 56
9583 57
9584 56
9585 55
9586 56
9587 55
9588 54
9589 53
9590 54
9591 55
9592 54
9593 53
9594 54
9595 55
9596 56
9597 55
9598 56
9599 57
9600 58
9601 59
9602 58
9603 59
9604 60
9605 61
9606 60
9607 59
9608 58
9609 59
9610 58
9611 57
9612 58
9613 59
9614 60
9615 59
9616 60
9617 59
9618 58
9619 57
9620 56
9621 55
9622 56
9623 57
9624 58
9625 57
9626 58
9627 59
9628 58
9629 59
9630 58
9631 59
9632 58
9633 57
9634 58
9635 59
9636 60
9637 61
9638 60
9639 59
9640 60
9641 61
9642 60
9643 59
9644 60
9645 59
9646 60
9647 61
9648 62
9649 61
9650 60
9651 61
9652 62
9653 61
9654 62
9655 61
9656 62
9657 63
9658 64
9659 65
9660 66
9661 65
9662 64
9663 63
9664 62
9665 63
9666 62
9667 63
9668 62
9669 61
9670 62
9671 63
9672 64
9673 65
9674 66
9675 65
9676 66
9677 67
9678 68
9679 69
9680 70
9681 71
9682 72
9683 71
9684 70
9685 71
9686 70
9687 71
9688 72
9689 71
9690 72
9691 73
9692 72
9693 73
9694 72
9695 73
9696 74
9697 75
9698 74
9699 75
9700 76
9701 75
9702 74
9703 75
9704 76
9705 75
9706 76
9707 77
9708 76
9709 77
9710 78
9711 77
9712 78
9713 79
9714 78
9715 79
9716 80
9717 79
9718 78
9719 79
9720 80
9721 79
9722 80
9723 79
9724 78
9725 77
9726 76
9727 75
9728 74
9729 75
9730 74
9731 75
9732 74
9733 75
9734 76
9735 75
9736 76
9737 75
9738 74
9739 73
9740 72
9741 71
9742 70
9743 71
9744 72
9745 71
9746 70
9747 69
9748 68
9749 67
9750 68
9751 67
9752 66
9753 67
9754 66
9755 65
9756 66
9757 65
9758 64
9759 63
9760 62
9761 61
9762 60
9763 61
9764 62
9765 61
9766 62
9767 63
9768 62
9769 61
9770 60
9771 61
9772 62
9773 63
9774 62
9775 63
9776 64
9777 63
9778 64
9779 65
9780 66
9781 65
9782 64
9783 63
9784 64
9785 63
9786 64
9787 63
9788 62
9789 63
9790 64
9791 63
9792 62
9793 63
9794 62
9795 61
9796 62
9797 61
9798 62
9799 63
9800 62
9801 63
9802 62
9803 61
9804 60
9805 61
9806 60
9807 59
9808 58
9809 57
9810 58
9811 59
9812 60
9813 59
9814 60
9815 61
9816 60
9817 61
9818 62
9819 61
9820 60
9821 59
9822 60
9823 61
9824 60
9825 59
9826 58
9827 57
9828 58
9829 59
9830 60
9831 61
9832 62
9833 61
9834 60
9835 61
9836 60
9837 59
9838 60
9839 59
9840 60
9841 59
9842 60
9843 59
9844 60
9845 59
9846 58
9847 57
9848 58
9849 59
9850 60
9851 61
9852 60
9853 59
9854 58
9855 57
9856 56
9857 57
9858 58
9859 59
9860 58
9861 59
9862 58
9863 59
9864 60
9865 59
9866 58
9867 59
9868 58
9869 59
9870 60
9871 59
9872 60
9873 61
9874 60
9875 59
9876 60
9877 61
9878 60
9879 61
9880 62
9881 63
9882 64
9883 63
9884 62
9885 61
9886 62
9887 61
9888 62
9889 63
9890 62
9891 61
9892 62
9893 61
9894 62
9895 61
9896 62
9897 61
9898 62
9899 63
9900 64
9901 65
9902 64
9903 63
9904 64
9905 65
9906 66
9907 65
9908 66
9909 67
9910 66
9911 65
9912 64
9913 63
9914 64
9915 63
9916 62
9917 63
9918 62
9919 61
9920 62
9921 63
9922 64
9923 65
9924 66
9925 67
9926 66
9927 67
9928 66
9929 65
9930 66
9931 65
9932 64
9933 65
9934 66
9935 67
9936 68
9937 69
9938 70
9939 69
9940 70
9941 71
9942 70
9943 71
9944 70
9945 69
9946 70
9947 69
9948 70
9949 69
9950 70
9951 71
9952 70
9953 71
9954 70
9955 69
9956 68
9957 69
9958 70
9959 69
9960 70
9961 71
9962 72
9963 71
9964 72
9965 71
9966 70
9967 69
9968 68
9969 69
9970 68
9971 69
9972 68
9973 67
9974 68
9975 69
9976 68
9977 67
9978 66
9979 65
9980 66
9981 67
9982 66
9983 67
9984 66
9985 67
9986 66
9987 65
9988 66
9989 65
9990 64
9991 63
9992 64
9993 63
9994 64
9995 63
9996 64
9997 63
9998 62
9999 63
