0 0
1 -1
2 -2
3 -1
4 0
5 -1
6 -2
7 -1
8 -2
9 -3
10 -4
11 -3
12 -4
13 -5
14 -6
15 -7
16 -6
17 -7
18 -8
19 -7
20 -6
21 -7
22 -6
23 -5
24 -4
25 -3
26 -2
27 -1
28 -2
29 -1
30 0
31 -1
32 0
33 1
34 0
35 1
36 2
37 3
38 2
39 1
40 0
41 -1
42 -2
43 -1
44 -2
45 -3
46 -2
47 -3
48 -4
49 -3
50 -4
51 -5
52 -6
53 -5
54 -6
55 -5
56 -4
57 -3
58 -2
59 -3
60 -2
61 -1
62 0
63 -1
64 -2
65 -3
66 -2
67 -1
68 -2
69 -3
70 -2
71 -3
72 -4
73 -3
74 -4
75 -3
76 -4
77 -3
78 -4
79 -5
80 -4
81 -5
82 -6
83 -5
84 -6
85 -5
86 -4
87 -3
88 -2
89 -3
90 -2
91 -1
92 -2
93 -3
94 -4
95 -5
96 -6
97 -7
98 -8
99 -9
100 -10
101 -11
102 -12
103 -11
104 -10
105 -11
106 -12
107 -13
108 -14
109 -13
110 -14
111 -15
112 -16
113 -17
114 -18
115 -17
116 -16
117 -15
118 -14
119 -15
120 -14
121 -15
122 -16
123 -15
124 -16
125 -17
126 -16
127 -15
128 -16
129 -17
130 -18
131 -17
132 -18
133 -19
134 -18
135 -17
136 -16
137 -17
138 -18
139 -17
140 -18
141 -17
142 -16
143 -15
144 -14
145 -15
146 -16
147 -15
148 -16
149 -17
150 -18
151 -19
152 -20
153 -21
154 -20
155 -21
156 -22
157 -23
158 -24
159 -23
160 -24
161 -25
162 -26
163 -27
164 -26
165 -27
166 -26
167 -25
168 -26
169 -27
170 -28
171 -27
172 -26
173 -25
174 -26
175 -27
176 -28
177 -27
178 -26
179 -27
180 -28
181 -27
182 -28
183 -29
184 -28
185 -27
186 -28
187 -29
188 -28
189 -29
190 -28
191 -29
192 -28
193 -29
194 -28
195 -29
196 -30
197 -31
198 -30
199 -29
200 -28
201 -29
202 -28
203 -27
204 -26
205 -27
206 -28
207 -29
208 -28
209 -29
210 -28
211 -29
212 -28
213 -27
214 -28
215 -27
216 -26
217 -25
218 -26
219 -27
220 -28
221 -29
222 -30
223 -31
224 -30
225 -29
226 -28
227 -27
228 -26
229 -25
230 -26
231 -25
232 -26
233 -27
234 -26
235 -27
236 -26
237 -25
238 -24
239 -25
240 -26
241 -25
242 -26
243 -25
244 -24
245 -25
246 -26
247 -27
248 -28
249 -27
250 -26
251 -27
252 -26
253 -27
254 -26
255 -25
256 -26
257 -27
258 -28
259 -29
260 -28
261 -27
262 -26
263 -25
264 -26
265 -27
266 -26
267 -27
268 -26
269 -25
270 -26
271 -25
272 -26
273 -25
274 -24
275 -23
276 -24
277 -25
278 -26
279 -25
280 -24
281 -23
282 -24
283 -25
284 -26
285 -27
286 -28
287 -29
288 -30
289 -31
290 -32
291 -33
292 -34
293 -33
294 -32
295 -31
296 -32
297 -33
298 -34
299 -35
300 -36
301 -37
302 -38
303 -37
304 -36
305 -37
306 -38
307 -39
308 -40
309 -41
310 -40
311 -41
312 -40
313 -39
314 -38
315 -39
316 -40
317 -41
318 -40
319 -39
320 -40
321 -39
322 -40
323 -39
324 -38
325 -37
326 -38
327 -39
328 -40
329 -39
330 -38
331 -37
332 -36
333 -37
334 -36
335 -37
336 -38
337 -39
338 -38
339 -37
340 -38
341 -39
342 -38
343 -39
344 -38
345 -37
346 -36
347 -37
348 -38
349 -37
350 -36
351 -35
352 -34
353 -35
354 -36
355 -35
356 -36
357 -37
358 -36
359 -37
360 -38
361 -37
362 -36
363 -37
364 -36
365 -35
366 -34
367 -35
368 -36
369 -35
370 -36
371 -37
372 -38
373 -37
374 -38
375 -39
376 -40
377 -41
378 -40
379 -41
380 -42
381 -41
382 -40
383 -39
384 -38
385 -39
386 -38
387 -37
388 -38
389 -37
390 -36
391 -35
392 -36
393 -37
394 -36
395 -35
396 -36
397 -35
398 -34
399 -35
400 -36
401 -37
402 -36
403 -37
404 -38
405 -37
406 -36
407 -35
408 -34
409 -33
410 -34
411 -35
412 -36
413 -37
414 -38
415 -39
416 -38
417 -39
418 -38
419 -37
420 -36
421 -37
422 -36
423 -35
424 -34
425 -35
426 -36
427 -37
428 -36
429 -35
430 -36
431 -35
432 -36
433 -37
434 -36
435 -35
436 -36
437 -37
438 -36
439 -37
440 -38
441 -39
442 -40
443 -39
444 -38
445 -37
446 -38
447 -37
448 -36
449 -37
450 -36
451 -35
452 -34
453 -35
454 -34
455 -35
456 -36
457 -35
458 -34
459 -33
460 -34
461 -33
462 -34
463 -33
464 -32
465 -33
466 -34
467 -33
468 -34
469 -35
470 -34
471 -33
472 -32
473 -31
474 -32
475 -31
476 -30
477 -29
478 -30
479 -31
480 -30
481 -31
482 -32
483 -33
484 -32
485 -31
486 -32
487 -33
488 -34
489 -35
490 -36
491 -37
492 -36
493 -37
494 -38
495 -39
496 -40
497 -39
498 -40
499 -39
500 -40
501 -41
502 -42
503 -41
504 -40
505 -41
506 -40
507 -41
508 -40
509 -39
510 -38
511 -37
512 -36
513 -35
514 -36
515 -37
516 -36
517 -35
518 -36
519 -35
520 -36
521 -35
522 -36
523 -35
524 -34
525 -35
526 -36
527 -37
528 -38
529 -37
530 -36
531 -35
532 -36
533 -35
534 -34
535 -33
536 -32
537 -31
538 -32
539 -33
540 -32
541 -31
542 -32
543 -33
544 -34
545 -35
546 -36
547 -37
548 -38
549 -39
550 -38
551 -37
552 -36
553 -35
554 -34
555 -33
556 -32
557 -31
558 -30
559 -29
560 -28
561 -27
562 -26
563 -27
564 -26
565 -27
566 -28
567 -27
568 -26
569 -25
570 -26
571 -25
572 -24
573 -23
574 -22
575 -23
576 -24
577 -25
578 -26
579 -25
580 -26
581 -25
582 -24
583 -25
584 -26
585 -27
586 -26
587 -27
588 -26
589 -27
590 -28
591 -29
592 -28
593 -29
594 -30
595 -29
596 -30
597 -31
598 -30
599 -29
600 -30
601 -29
602 -30
603 -31
604 -32
605 -33
606 -32
607 -31
608 -32
609 -33
610 -34
611 -35
612 -36
613 -35
614 -34
615 -35
616 -36
617 -35
618 -34
619 -33
620 -32
621 -31
622 -32
623 -33
624 -34
625 -33
626 -34
627 -33
628 -32
629 -31
630 -30
631 -31
632 -30
633 -29
634 -30
635 -31
636 -32
637 -33
638 -34
639 -33
640 -34
641 -33
642 -34
643 -35
644 -34
645 -33
646 -32
647 -33
648 -32
649 -33
650 -32
651 -31
652 -32
653 -33
654 -34
655 -33
656 -34
657 -33
658 -34
659 -33
660 -34
661 -35
662 -34
663 -33
664 -34
665 -35
666 -34
667 -33
668 -34
669 -35
670 -36
671 -37
672 -36
673 -37
674 -36
675 -37
676 -38
677 -39
678 -38
679 -37
680 -38
681 -37
682 -36
683 -37
684 -36
685 -35
686 -36
687 -37
688 -36
689 -37
690 -36
691 -35
692 -34
693 -33
694 -34
695 -35
696 -34
697 -35
698 -34
699 -35
700 -36
701 -35
702 -34
703 -35
704 -34
705 -33
706 -34
707 -35
708 -34
709 -33
710 -34
711 -33
712 -32
713 -31
714 -32
715 -33
716 -34
717 -33
718 -32
719 -31
720 -32
721 -33
722 -32
723 -33
724 -32
725 -31
726 -30
727 -31
728 -32
729 -33
730 -34
731 -35
732 -34
733 -33
734 -34
735 -35
736 -34
737 -33
738 -34
739 -35
740 -34
741 -35
742 -34
743 -33
744 -32
745 -31
746 -32
747 -31
748 -30
749 -31
750 -32
751 -31
752 -32
753 -31
754 -30
755 -29
756 -30
757 -29
758 -30
759 -29
760 -28
761 -29
762 -30
763 -31
764 -32
765 -31
766 -30
767 -29
768 -28
769 -27
770 -26
771 -27
772 -26
773 -27
774 -28
775 -29
776 -28
777 -29
778 -28
779 -29
780 -28
781 -29
782 -30
783 -29
784 -30
785 -29
786 -28
787 -27
788 -28
789 -29
790 -28
791 -29
792 -28
793 -27
794 -28
795 -29
796 -30
797 -29
798 -30
799 -29
800 -30
801 -29
802 -28
803 -27
804 -28
805 -27
806 -26
807 -25
808 -24
809 -25
810 -24
811 -25
812 -24
813 -25
814 -24
815 -25
816 -26
817 -27
818 -28
819 -27
820 -26
821 -25
822 -24
823 -23
824 -22
825 -21
826 -22
827 -23
828 -22
829 -21
830 -20
831 -19
832 -18
833 -17
834 -18
835 -17
836 -18
837 -17
838 -16
839 -15
840 -14
841 -15
842 -14
843 -15
844 -16
845 -17
846 -18
847 -19
848 -18
849 -17
850 -16
851 -15
852 -16
853 -17
854 -18
855 -19
856 -18
857 -19
858 -20
859 -21
860 -22
861 -23
862 -24
863 -23
864 -24
865 -25
866 -24
867 -23
868 -22
869 -21
870 -22
871 -21
872 -22
873 -21
874 -22
875 -23
876 -22
877 -23
878 -22
879 -23
880 -24
881 -25
882 -26
883 -27
884 -28
885 -27
886 -26
887 -25
888 -26
889 -27
890 -28
891 -29
892 -30
893 -29
894 -30
895 -29
896 -30
897 -31
898 -32
899 -33
900 -34
901 -33
902 -32
903 -33
904 -34
905 -33
906 -34
907 -35
908 -36
909 -37
910 -36
911 -35
912 -36
913 -35
914 -34
915 -33
916 -34
917 -35
918 -34
919 -35
920 -34
921 -35
922 -36
923 -37
924 -38
925 -37
926 -38
927 -39
928 -40
929 -41
930 -42
931 -41
932 -40
933 -41
934 -42
935 -43
936 -44
937 -43
938 -44
939 -45
940 -46
941 -45
942 -44
943 -45
944 -44
945 -45
946 -46
947 -47
948 -46
949 -45
950 -46
951 -45
952 -46
953 -47
954 -46
955 -47
956 -46
957 -45
958 -46
959 -47
960 -48
961 -49
962 -48
963 -47
964 -48
965 -49
966 -50
967 -49
968 -50
969 -51
970 -52
971 -51
972 -52
973 -51
974 -52
975 -53
976 -52
977 -53
978 -52
979 -51
980 -50
981 -51
982 -52
983 -53
984 -52
985 -53
986 -54
987 -55
988 -56
989 -55
990 -56
991 -57
992 -58
993 -59
994 -60
995 -61
996 -62
997 -63
998 -64
999 -63
1000 -62
1001 -61
1002 -62
1003 -63
1004 -62
1005 -63
1006 -64
1007 -63
1008 -62
1009 -63
1010 -62
1011 -61
1012 -60
1013 -61
1014 -62
1015 -61
1016 -60
1017 -61
1018 -62
1019 -61
1020 -60
1021 -61
1022 -62
1023 -61
1024 -60
1025 -59
1026 -58
1027 -57
1028 -56
1029 -55
1030 -56
1031 -55
1032 -56
1033 -55
1034 -56
1035 -55
1036 -54
1037 -55
1038 -54
1039 -55
1040 -56
1041 -55
1042 -54
1043 -53
1044 -54
1045 -55
1046 -56
1047 -55
1048 -54
1049 -53
1050 -52
1051 -53
1052 -52
1053 -51
1054 -52
1055 -51
1056 -50
1057 -51
1058 -52
1059 -53
1060 -54
1061 -53
1062 -52
1063 -51
1064 -52
1065 -51
1066 -52
1067 -51
1068 -52
1069 -53
1070 -52
1071 -53
1072 -52
1073 -51
1074 -52
1075 -53
1076 -54
1077 -55
1078 -54
1079 -53
1080 -52
1081 -53
1082 -54
1083 -53
1084 -54
1085 -53
1086 -52
1087 -51
1088 -52
1089 -51
1090 -50
1091 -49
1092 -50
1093 -51
1094 -52
1095 -51
1096 -50
1097 -51
1098 -52
1099 -53
1100 -54
1101 -53
1102 -52
1103 -53
1104 -54
1105 -53
1106 -54
1107 -53
1108 -52
1109 -53
1110 -54
1111 -53
1112 -54
1113 -53
1114 -54
1115 -53
1116 -52
1117 -53
1118 -52
1119 -51
1120 -52
1121 -53
1122 -52
1123 -53
1124 -54
1125 -55
1126 -56
1127 -55
1128 -54
1129 -53
1130 -52
1131 -53
1132 -52
1133 -51
1134 -52
1135 -51
1136 -50
1137 -51
1138 -52
1139 -53
1140 -52
1141 -51
1142 -50
1143 -51
1144 -52
1145 -53
1146 -52
1147 -53
1148 -54
1149 -53
1150 -52
1151 -51
1152 -52
1153 -51
1154 -52
1155 -51
1156 -52
1157 -53
1158 -52
1159 -53
1160 -54
1161 -53
1162 -54
1163 -53
1164 -52
1165 -53
1166 -52
1167 -51
1168 -50
1169 -49
1170 -50
1171 -49
1172 -50
1173 -49
1174 -50
1175 -49
1176 -50
1177 -51
1178 -52
1179 -53
1180 -52
1181 -53
1182 -54
1183 -53
1184 -54
1185 -55
1186 -54
1187 -53
1188 -52
1189 -53
1190 -54
1191 -53
1192 -54
1193 -55
1194 -56
1195 -57
1196 -56
1197 -55
1198 -56
1199 -55
1200 -54
1201 -55
1202 -54
1203 -55
1204 -56
1205 -55
1206 -54
1207 -55
1208 -56
1209 -55
1210 -54
1211 -53
1212 -54
1213 -53
1214 -54
1215 -53
1216 -54
1217 -53
1218 -54
1219 -53
1220 -52
1221 -53
1222 -54
1223 -53
1224 -52
1225 -51
1226 -52
1227 -53
1228 -52
1229 -53
1230 -52
1231 -53
1232 -52
1233 -53
1234 -54
1235 -55
1236 -56
1237 -55
1238 -54
1239 -53
1240 -52
1241 -51
1242 -52
1243 -51
1244 -52
1245 -53
1246 -54
1247 -53
1248 -54
1249 -55
1250 -54
1251 -53
1252 -54
1253 -53
1254 -52
1255 -51
1256 -52
1257 -53
1258 -54
1259 -55
1260 -56
1261 -57
1262 -56
1263 -55
1264 -54
1265 -55
1266 -54
1267 -55
1268 -56
1269 -55
1270 -56
1271 -57
1272 -56
1273 -55
1274 -54
1275 -55
1276 -54
1277 -53
1278 -54
1279 -55
1280 -56
1281 -57
1282 -56
1283 -55
1284 -56
1285 -55
1286 -54
1287 -53
1288 -54
1289 -55
1290 -56
1291 -57
1292 -56
1293 -57
1294 -58
1295 -59
1296 -58
1297 -59
1298 -58
1299 -59
1300 -60
1301 -61
1302 -60
1303 -61
1304 -62
1305 -63
1306 -64
1307 -63
1308 -62
1309 -61
1310 -60
1311 -59
1312 -60
1313 -59
1314 -58
1315 -59
1316 -58
1317 -59
1318 -58
1319 -57
1320 -58
1321 -59
1322 -60
1323 -59
1324 -58
1325 -57
1326 -58
1327 -59
1328 -58
1329 -57
1330 -58
1331 -59
1332 -58
1333 -59
1334 -60
1335 -59
1336 -58
1337 -57
1338 -56
1339 -57
1340 -56
1341 -57
1342 -56
1343 -55
1344 -54
1345 -55
1346 -56
1347 -57
1348 -58
1349 -57
1350 -56
1351 -55
1352 -56
1353 -55
1354 -54
1355 -53
1356 -52
1357 -51
1358 -52
1359 -51
1360 -52
1361 -53
1362 -54
1363 -53
1364 -52
1365 -53
1366 -52
1367 -53
1368 -52
1369 -51
1370 -50
1371 -49
1372 -50
1373 -49
1374 -48
1375 -49
1376 -50
1377 -51
1378 -50
1379 -49
1380 -48
1381 -49
1382 -48
1383 -49
1384 -50
1385 -49
1386 -50
1387 -51
1388 -52
1389 -53
1390 -52
1391 -53
1392 -52
1393 -51
1394 -52
1395 -51
1396 -50
1397 -49
1398 -50
1399 -49
1400 -50
1401 -51
1402 -52
1403 -53
1404 -54
1405 -55
1406 -56
1407 -55
1408 -56
1409 -57
1410 -56
1411 -57
1412 -56
1413 -57
1414 -58
1415 -59
1416 -60
1417 -59
1418 -58
1419 -57
1420 -58
1421 -57
1422 -56
1423 -55
1424 -54
1425 -55
1426 -56
1427 -57
1428 -58
1429 -57
1430 -58
1431 -57
1432 -58
1433 -57
1434 -56
1435 -55
1436 -56
1437 -57
1438 -56
1439 -55
1440 -54
1441 -53
1442 -52
1443 -51
1444 -50
1445 -51
1446 -52
1447 -53
1448 -54
1449 -53
1450 -54
1451 -55
1452 -54
1453 -53
1454 -54
1455 -53
1456 -52
1457 -53
1458 -52
1459 -51
1460 -50
1461 -51
1462 -50
1463 -51
1464 -52
1465 -53
1466 -54
1467 -53
1468 -54
1469 -55
1470 -56
1471 -57
1472 -56
1473 -57
1474 -56
1475 -57
1476 -58
1477 -57
1478 -58
1479 -57
1480 -56
1481 -57
1482 -58
1483 -59
1484 -58
1485 -59
1486 -58
1487 -59
1488 -60
1489 -59
1490 -58
1491 -59
1492 -60
1493 -59
1494 -60
1495 -61
1496 -62
1497 -63
1498 -62
1499 -61
1500 -60
1501 -59
1502 -60
1503 -61
1504 -60
1505 -61
1506 -60
1507 -59
1508 -60
1509 -59
1510 -58
1511 -59
1512 -60
1513 -61
1514 -62
1515 -61
1516 -60
1517 -59
1518 -60
1519 -61
1520 -62
1521 -63
1522 -62
1523 -61
1524 -62
1525 -61
1526 -62
1527 -61
1528 -62
1529 -63
1530 -62
1531 -61
1532 -62
1533 -63
1534 -64
1535 -65
1536 -66
1537 -67
1538 -68
1539 -67
1540 -68
1541 -67
1542 -68
1543 -69
1544 -70
1545 -69
1546 -70
1547 -69
1548 -68
1549 -67
1550 -68
1551 -67
1552 -68
1553 -67
1554 -66
1555 -67
1556 -68
1557 -67
1558 -66
1559 -65
1560 -64
1561 -63
1562 -64
1563 -63
1564 -62
1565 -61
1566 -60
1567 -59
1568 -60
1569 -59
1570 -60
1571 -59
1572 -60
1573 -61
1574 -62
1575 -61
1576 -62
1577 -61
1578 -60
1579 -61
1580 -62
1581 -63
1582 -64
1583 -65
1584 -66
1585 -67
1586 -68
1587 -69
1588 -68
1589 -69
1590 -70
1591 -71
1592 -72
1593 -73
1594 -74
1595 -75
1596 -76
1597 -75
1598 -76
1599 -75
1600 -74
1601 -75
1602 -76
1603 -75
1604 -74
1605 -75
1606 -74
1607 -75
1608 -74
1609 -73
1610 -72
1611 -71
1612 -72
1613 -71
1614 -72
1615 -73
1616 -72
1617 -73
1618 -72
1619 -73
1620 -74
1621 -75
1622 -74
1623 -75
1624 -74
1625 -73
1626 -74
1627 -73
1628 -72
1629 -71
1630 -72
1631 -71
1632 -70
1633 -71
1634 -72
1635 -71
1636 -72
1637 -73
1638 -72
1639 -71
1640 -70
1641 -69
1642 -68
1643 -67
1644 -68
1645 -67
1646 -68
1647 -69
1648 -68
1649 -67
1650 -66
1651 -65
1652 -64
1653 -65
1654 -66
1655 -67
1656 -66
1657 -65
1658 -64
1659 -65
1660 -66
1661 -67
1662 -68
1663 -67
1664 -66
1665 -67
1666 -68
1667 -69
1668 -68
1669 -67
1670 -68
1671 -67
1672 -66
1673 -67
1674 -68
1675 -67
1676 -68
1677 -69
1678 -70
1679 -71
1680 -72
1681 -71
1682 -72
1683 -71
1684 -70
1685 -71
1686 -70
1687 -69
1688 -70
1689 -71
1690 -70
1691 -69
1692 -70
1693 -69
1694 -70
1695 -71
1696 -70
1697 -69
1698 -68
1699 -67
1700 -66
1701 -65
1702 -64
1703 -65
1704 -66
1705 -67
1706 -66
1707 -65
1708 -64
1709 -65
1710 -66
1711 -65
1712 -66
1713 -65
1714 -66
1715 -65
1716 -66
1717 -67
1718 -66
1719 -65
1720 -64
1721 -65
1722 -64
1723 -65
1724 -64
1725 -63
1726 -64
1727 -65
1728 -66
1729 -67
1730 -66
1731 -67
1732 -66
1733 -65
1734 -64
1735 -63
1736 -62
1737 -61
1738 -62
1739 -63
1740 -62
1741 -61
1742 -60
1743 -61
1744 -60
1745 -61
1746 -60
1747 -61
1748 -60
1749 -61
1750 -62
1751 -61
1752 -60
1753 -59
1754 -60
1755 -61
1756 -62
1757 -63
1758 -62
1759 -63
1760 -64
1761 -65
1762 -64
1763 -65
1764 -64
1765 -63
1766 -62
1767 -63
1768 -62
1769 -61
1770 -60
1771 -59
1772 -60
1773 -59
1774 -58
1775 -59
1776 -60
1777 -59
1778 -60
1779 -61
1780 -62
1781 -61
1782 -60
1783 -59
1784 -60
1785 -61
1786 -62
1787 -61
1788 -62
1789 -63
1790 -64
1791 -63
1792 -62
1793 -63
1794 -62
1795 -61
1796 -62
1797 -63
1798 -64
1799 -65
1800 -64
1801 -65
1802 -64
1803 -65
1804 -66
1805 -65
1806 -66
1807 -67
1808 -68
1809 -69
1810 -68
1811 -67
1812 -66
1813 -65
1814 -64
1815 -63
1816 -62
1817 -61
1818 -62
1819 -61
1820 -62
1821 -61
1822 -60
1823 -61
1824 -62
1825 -61
1826 -60
1827 -59
1828 -60
1829 -61
1830 -60
1831 -61
1832 -60
1833 -59
1834 -60
1835 -61
1836 -60
1837 -59
1838 -60
1839 -59
1840 -58
1841 -59
1842 -60
1843 -61
1844 -62
1845 -63
1846 -62
1847 -61
1848 -62
1849 -61
1850 -60
1851 -59
1852 -60
1853 -59
1854 -60
1855 -61
1856 -62
1857 -61
1858 -62
1859 -63
1860 -64
1861 -65
1862 -66
1863 -65
1864 -64
1865 -63
1866 -62
1867 -63
1868 -62
1869 -61
1870 -62
1871 -63
1872 -64
1873 -65
1874 -66
1875 -65
1876 -66
1877 -67
1878 -68
1879 -69
1880 -70
1881 -69
1882 -68
1883 -67
1884 -68
1885 -69
1886 -70
1887 -71
1888 -70
1889 -71
1890 -70
1891 -71
1892 -72
1893 -73
1894 -74
1895 -75
1896 -74
1897 -73
1898 -72
1899 -73
1900 -74
1901 -75
1902 -74
1903 -73
1904 -74
1905 -73
1906 -74
1907 -75
1908 -74
1909 -75
1910 -76
1911 -75
1912 -74
1913 -75
1914 -76
1915 -77
1916 -78
1917 -79
1918 -78
1919 -77
1920 -76
1921 -75
1922 -76
1923 -77
1924 -78
1925 -79
1926 -80
1927 -79
1928 -80
1929 -81
1930 -80
1931 -81
1932 -80
1933 -79
1934 -80
1935 -81
1936 -80
1937 -81
1938 -80
1939 -79
1940 -80
1941 -81
1942 -80
1943 -79
1944 -78
1945 -79
1946 -80
1947 -81
1948 -82
1949 -81
1950 -80
1951 -81
1952 -82
1953 -83
1954 -82
1955 -83
1956 -84
1957 -83
1958 -84
1959 -83
1960 -84
1961 -83
1962 -84
1963 -85
1964 -84
1965 -85
1966 -84
1967 -83
1968 -82
1969 -83
1970 -82
1971 -83
1972 -82
1973 -81
1974 -80
1975 -79
1976 -80
1977 -81
1978 -80
1979 -79
1980 -78
1981 -79
1982 -78
1983 -77
1984 -78
1985 -79
1986 -80
1987 -81
1988 -80
1989 -81
1990 -80
1991 -79
1992 -78
1993 -77
1994 -76
1995 -77
1996 -76
1997 -75
1998 -76
1999 -75
2000 -74
2001 -73
2002 -72
2003 -73
2004 -74
2005 -75
2006 -76
2007 -77
2008 -78
2009 -77
2010 -78
2011 -77
2012 -78
2013 -79
2014 -78
2015 -77
2016 -76
2017 -77
2018 -78
2019 -77
2020 -78
2021 -79
2022 -80
2023 -81
2024 -80
2025 -81
2026 -80
2027 -79
2028 -80
2029 -81
2030 -80
2031 -81
2032 -80
2033 -79
2034 -78
2035 -79
2036 -80
2037 -79
2038 -80
2039 -79
2040 -78
2041 -79
2042 -80
2043 -79
2044 -78
2045 -79
2046 -80
2047 -79
2048 -80
2049 -79
2050 -80
2051 -81
2052 -82
2053 -81
2054 -82
2055 -81
2056 -80
2057 -79
2058 -78
2059 -79
2060 -78
2061 -79
2062 -80
2063 -79
2064 -80
2065 -81
2066 -80
2067 -81
2068 -82
2069 -83
2070 -84
2071 -83
2072 -82
2073 -83
2074 -82
2075 -83
2076 -82
2077 -83
2078 -82
2079 -83
2080 -82
2081 -81
2082 -82
2083 -83
2084 -84
2085 -85
2086 -84
2087 -83
2088 -84
2089 -83
2090 -82
2091 -83
2092 -82
2093 -83
2094 -84
2095 -83
2096 -84
2097 -85
2098 -84
2099 -85
2100 -86
2101 -85
2102 -84
2103 -85
2104 -84
2105 -83
2106 -82
2107 -81
2108 -82
2109 -83
2110 -82
2111 -81
2112 -80
2113 -81
2114 -80
2115 -81
2116 -80
2117 -81
2118 -82
2119 -81
2120 -82
2121 -81
2122 -82
2123 -81
2124 -80
2125 -81
2126 -82
2127 -83
2128 -82
2129 -81
2130 -82
2131 -81
2132 -82
2133 -81
2134 -82
2135 -81
2136 -80
2137 -79
2138 -80
2139 -81
2140 -82
2141 -83
2142 -84
2143 -83
2144 -84
2145 -85
2146 -84
2147 -83
2148 -84
2149 -83
2150 -82
2151 -83
2152 -82
2153 -81
2154 -80
2155 -81
2156 -80
2157 -81
2158 -80
2159 -81
2160 -80
2161 -81
2162 -82
2163 -83
2164 -84
2165 -85
2166 -86
2167 -85
2168 -86
2169 -85
2170 -84
2171 -83
2172 -84
2173 -83
2174 -84
2175 -85
2176 -86
2177 -87
2178 -88
2179 -87
2180 -88
2181 -89
2182 -88
2183 -89
2184 -88
2185 -89
2186 -90
2187 -91
2188 -92
2189 -93
2190 -92
2191 -93
2192 -94
2193 -95
2194 -94
2195 -95
2196 -94
2197 -95
2198 -96
2199 -95
2200 -96
2201 -97
2202 -96
2203 -97
2204 -98
2205 -99
2206 -98
2207 -99
2208 -100
2209 -99
2210 -100
2211 -101
2212 -100
2213 -101
2214 -100
2215 -99
2216 -100
2217 -99
2218 -98
2219 -97
2220 -96
2221 -97
2222 -98
2223 -97
2224 -96
2225 -95
2226 -96
2227 -97
2228 -98
2229 -99
2230 -100
2231 -101
2232 -102
2233 -103
2234 -102
2235 -103
2236 -102
2237 -101
2238 -102
2239 -101
2240 -102
2241 -103
2242 -104
2243 -103
2244 -104
2245 -103
2246 -104
2247 -103
2248 -102
2249 -103
2250 -102
2251 -103
2252 -104
2253 -105
2254 -106
2255 -105
2256 -106
2257 -107
2258 -108
2259 -107
2260 -106
2261 -105
2262 -106
2263 -105
2264 -106
2265 -105
2266 -106
2267 -107
2268 -108
2269 -109
2270 -108
2271 -107
2272 -108
2273 -107
2274 -108
2275 -107
2276 -106
2277 -105
2278 -106
2279 -107
2280 -106
2281 -105
2282 -106
2283 -107
2284 -108
2285 -107
2286 -108
2287 -109
2288 -108
2289 -107
2290 -106
2291 -107
2292 -106
2293 -107
2294 -108
2295 -107
2296 -106
2297 -107
2298 -108
2299 -109
2300 -110
2301 -109
2302 -110
2303 -109
2304 -108
2305 -107
2306 -108
2307 -109
2308 -108
2309 -109
2310 -110
2311 -111
2312 -112
2313 -113
2314 -114
2315 -113
2316 -112
2317 -111
2318 -110
2319 -111
2320 -110
2321 -109
2322 -108
2323 -109
2324 -110
2325 -109
2326 -110
2327 -111
2328 -110
2329 -111
2330 -112
2331 -113
2332 -114
2333 -113
2334 -112
2335 -113
2336 -112
2337 -111
2338 -112
2339 -113
2340 -114
2341 -115
2342 -116
2343 -115
2344 -116
2345 -115
2346 -116
2347 -115
2348 -116
2349 -115
2350 -114
2351 -115
2352 -114
2353 -115
2354 -114
2355 -115
2356 -114
2357 -115
2358 -116
2359 -115
2360 -116
2361 -115
2362 -114
2363 -115
2364 -116
2365 -115
2366 -114
2367 -113
2368 -112
2369 -111
2370 -110
2371 -109
2372 -110
2373 -111
2374 -110
2375 -109
2376 -108
2377 -107
2378 -106
2379 -105
2380 -104
2381 -105
2382 -106
2383 -107
2384 -108
2385 -109
2386 -108
2387 -107
2388 -108
2389 -107
2390 -106
2391 -105
2392 -106
2393 -105
2394 -104
2395 -105
2396 -106
2397 -105
2398 -106
2399 -105
2400 -106
2401 -105
2402 -104
2403 -103
2404 -102
2405 -101
2406 -100
2407 -101
2408 -100
2409 -99
2410 -100
2411 -99
2412 -100
2413 -99
2414 -98
2415 -99
2416 -98
2417 -97
2418 -96
2419 -95
2420 -96
2421 -95
2422 -96
2423 -95
2424 -94
2425 -95
2426 -94
2427 -93
2428 -92
2429 -91
2430 -92
2431 -91
2432 -92
2433 -91
2434 -92
2435 -93
2436 -92
2437 -93
2438 -92
2439 -93
2440 -92
2441 -93
2442 -92
2443 -93
2444 -94
2445 -93
2446 -92
2447 -91
2448 -90
2449 -89
2450 -88
2451 -89
2452 -90
2453 -89
2454 -90
2455 -89
2456 -90
2457 -89
2458 -90
2459 -91
2460 -92
2461 -91
2462 -90
2463 -89
2464 -90
2465 -91
2466 -92
2467 -93
2468 -92
2469 -91
2470 -90
2471 -91
2472 -90
2473 -89
2474 -88
2475 -87
2476 -88
2477 -89
2478 -88
2479 -87
2480 -86
2481 -87
2482 -86
2483 -85
2484 -84
2485 -85
2486 -84
2487 -85
2488 -86
2489 -85
2490 -86
2491 -87
2492 -86
2493 -85
2494 -86
2495 -87
2496 -86
2497 -87
2498 -86
2499 -87
2500 -86
2501 -85
2502 -84
2503 -85
2504 -84
2505 -85
2506 -86
2507 -85
2508 -84
2509 -83
2510 -82
2511 -81
2512 -82
2513 -83
2514 -84
2515 -85
2516 -84
2517 -85
2518 -84
2519 -85
2520 -84
2521 -83
2522 -82
2523 -81
2524 -80
2525 -81
2526 -82
2527 -83
2528 -84
2529 -83
2530 -84
2531 -85
2532 -86
2533 -87
2534 -86
2535 -85
2536 -84
2537 -83
2538 -84
2539 -85
2540 -84
2541 -83
2542 -84
2543 -83
2544 -84
2545 -83
2546 -84
2547 -85
2548 -84
2549 -85
2550 -84
2551 -83
2552 -84
2553 -83
2554 -84
2555 -85
2556 -86
2557 -87
2558 -86
2559 -85
2560 -84
2561 -85
2562 -86
2563 -87
2564 -88
2565 -89
2566 -90
2567 -89
2568 -88
2569 -89
2570 -88
2571 -89
2572 -88
2573 -89
2574 -88
2575 -87
2576 -86
2577 -85
2578 -86
2579 -85
2580 -84
2581 -83
2582 -84
2583 -85
2584 -86
2585 -85
2586 -86
2587 -87
2588 -88
2589 -87
2590 -88
2591 -87
2592 -88
2593 -87
2594 -86
2595 -87
2596 -88
2597 -87
2598 -88
2599 -89
2600 -88
2601 -87
2602 -88
2603 -89
2604 -90
2605 -91
2606 -92
2607 -91
2608 -90
2609 -89
2610 -90
2611 -91
2612 -92
2613 -93
2614 -94
2615 -93
2616 -92
2617 -93
2618 -94
2619 -95
2620 -94
2621 -93
2622 -94
2623 -93
2624 -92
2625 -91
2626 -90
2627 -89
2628 -90
2629 -91
2630 -92
2631 -93
2632 -92
2633 -93
2634 -92
2635 -91
2636 -90
2637 -91
2638 -92
2639 -91
2640 -92
2641 -91
2642 -92
2643 -93
2644 -94
2645 -93
2646 -94
2647 -93
2648 -92
2649 -91
2650 -90
2651 -89
2652 -90
2653 -89
2654 -90
2655 -89
2656 -90
2657 -91
2658 -92
2659 -91
2660 -90
2661 -89
2662 -88
2663 -89
2664 -90
2665 -91
2666 -90
2667 -89
2668 -88
2669 -89
2670 -90
2671 -91
2672 -92
2673 -91
2674 -92
2675 -93
2676 -94
2677 -95
2678 -96
2679 -97
2680 -96
2681 -95
2682 -96
2683 -97
2684 -96
2685 -95
2686 -94
2687 -93
2688 -92
2689 -93
2690 -92
2691 -91
2692 -92
2693 -91
2694 -92
2695 -91
2696 -92
2697 -91
2698 -92
2699 -91
2700 -92
2701 -93
2702 -94
2703 -93
2704 -94
2705 -93
2706 -94
2707 -93
2708 -94
2709 -93
2710 -92
2711 -91
2712 -92
2713 -91
2714 -90
2715 -89
2716 -90
2717 -89
2718 -90
2719 -89
2720 -90
2721 -89
2722 -90
2723 -89
2724 -88
2725 -89
2726 -88
2727 -87
2728 -88
2729 -89
2730 -88
2731 -87
2732 -86
2733 -87
2734 -88
2735 -89
2736 -90
2737 -91
2738 -90
2739 -89
2740 -88
2741 -89
2742 -90
2743 -89
2744 -90
2745 -89
2746 -90
2747 -91
2748 -90
2749 -91
2750 -90
2751 -91
2752 -92
2753 -91
2754 -92
2755 -93
2756 -94
2757 -93
2758 -92
2759 -93
2760 -94
2761 -93
2762 -92
2763 -91
2764 -92
2765 -93
2766 -94
2767 -93
2768 -92
2769 -93
2770 -94
2771 -93
2772 -94
2773 -93
2774 -92
2775 -93
2776 -92
2777 -91
2778 -90
2779 -91
2780 -92
2781 -93
2782 -92
2783 -91
2784 -92
2785 -93
2786 -92
2787 -93
2788 -92
2789 -93
2790 -92
2791 -91
2792 -92
2793 -91
2794 -90
2795 -91
2796 -90
2797 -89
2798 -90
2799 -91
2800 -92
2801 -93
2802 -92
2803 -93
2804 -92
2805 -93
2806 -94
2807 -95
2808 -94
2809 -93
2810 -92
2811 -91
2812 -92
2813 -91
2814 -90
2815 -91
2816 -90
2817 -89
2818 -88
2819 -87
2820 -88
2821 -87
2822 -86
2823 -87
2824 -88
2825 -89
2826 -88
2827 -87
2828 -86
2829 -87
2830 -88
2831 -87
2832 -88
2833 -87
2834 -88
2835 -87
2836 -88
2837 -89
2838 -90
2839 -89
2840 -90
2841 -91
2842 -90
2843 -89
2844 -88
2845 -89
2846 -88
2847 -87
2848 -86
2849 -87
2850 -88
2851 -89
2852 -88
2853 -87
2854 -88
2855 -89
2856 -88
2857 -89
2858 -88
2859 -87
2860 -86
2861 -85
2862 -86
2863 -85
2864 -84
2865 -83
2866 -82
2867 -81
2868 -80
2869 -79
2870 -80
2871 -81
2872 -80
2873 -81
2874 -82
2875 -83
2876 -84
2877 -85
2878 -84
2879 -85
2880 -86
2881 -85
2882 -86
2883 -85
2884 -86
2885 -87
2886 -88
2887 -89
2888 -90
2889 -91
2890 -92
2891 -93
2892 -92
2893 -91
2894 -90
2895 -91
2896 -90
2897 -89
2898 -90
2899 -89
2900 -90
2901 -89
2902 -90
2903 -89
2904 -90
2905 -89
2906 -88
2907 -87
2908 -86
2909 -87
2910 -86
2911 -85
2912 -84
2913 -83
2914 -84
2915 -85
2916 -84
2917 -85
2918 -84
2919 -83
2920 -82
2921 -83
2922 -82
2923 -81
2924 -80
2925 -79
2926 -80
2927 -79
2928 -78
2929 -77
2930 -78
2931 -77
2932 -78
2933 -79
2934 -78
2935 -79
2936 -80
2937 -81
2938 -82
2939 -81
2940 -80
2941 -81
2942 -82
2943 -83
2944 -84
2945 -85
2946 -84
2947 -85
2948 -84
2949 -85
2950 -86
2951 -87
2952 -86
2953 -87
2954 -86
2955 -85
2956 -86
2957 -85
2958 -84
2959 -85
2960 -84
2961 -83
2962 -82
2963 -81
2964 -80
2965 -79
2966 -78
2967 -79
2968 -80
2969 -81
2970 -80
2971 -79
2972 -78
2973 -77
2974 -78
2975 -79
2976 -80
2977 -79
2978 -80
2979 -81
2980 -82
2981 -81
2982 -80
2983 -79
2984 -80
2985 -79
2986 -80
2987 -79
2988 -80
2989 -81
2990 -80
2991 -81
2992 -80
2993 -81
2994 -80
2995 -81
2996 -80
2997 -79
2998 -78
2999 -79
3000 -78
3001 -77
3002 -78
3003 -79
3004 -80
3005 -81
3006 -80
3007 -81
3008 -80
3009 -79
3010 -78
3011 -79
3012 -78
3013 -79
3014 -80
3015 -81
3016 -80
3017 -79
3018 -78
3019 -79
3020 -78
3021 -77
3022 -78
3023 -77
3024 -78
3025 -79
3026 -80
3027 -81
3028 -80
3029 -79
3030 -78
3031 -79
3032 -78
3033 -79
3034 -78
3035 -77
3036 -76
3037 -77
3038 -78
3039 -79
3040 -80
3041 -81
3042 -82
3043 -83
3044 -84
3045 -83
3046 -82
3047 -81
3048 -80
3049 -81
3050 -82
3051 -81
3052 -82
3053 -83
3054 -82
3055 -83
3056 -82
3057 -83
3058 -82
3059 -83
3060 -84
3061 -85
3062 -86
3063 -85
3064 -84
3065 -83
3066 -82
3067 -83
3068 -82
3069 -81
3070 -82
3071 -83
3072 -82
3073 -81
3074 -82
3075 -81
3076 -82
3077 -81
3078 -82
3079 -83
3080 -84
3081 -83
3082 -82
3083 -81
3084 -82
3085 -83
3086 -84
3087 -83
3088 -84
3089 -85
3090 -84
3091 -85
3092 -86
3093 -85
3094 -86
3095 -85
3096 -86
3097 -87
3098 -86
3099 -85
3100 -84
3101 -83
3102 -84
3103 -83
3104 -84
3105 -85
3106 -86
3107 -87
3108 -88
3109 -87
3110 -88
3111 -87
3112 -88
3113 -87
3114 -88
3115 -87
3116 -88
3117 -89
3118 -88
3119 -89
3120 -88
3121 -87
3122 -86
3123 -85
3124 -86
3125 -85
3126 -86
3127 -87
3128 -88
3129 -89
3130 -88
3131 -87
3132 -86
3133 -87
3134 -86
3135 -87
3136 -86
3137 -85
3138 -84
3139 -83
3140 -84
3141 -85
3142 -84
3143 -85
3144 -84
3145 -83
3146 -84
3147 -83
3148 -84
3149 -83
3150 -82
3151 -83
3152 -82
3153 -83
3154 -84
3155 -85
3156 -84
3157 -83
3158 -84
3159 -83
3160 -82
3161 -81
3162 -80
3163 -79
3164 -80
3165 -81
3166 -80
3167 -79
3168 -80
3169 -79
3170 -80
3171 -81
3172 -82
3173 -81
3174 -82
3175 -81
3176 -82
3177 -83
3178 -82
3179 -83
3180 -84
3181 -83
3182 -82
3183 -83
3184 -82
3185 -81
3186 -80
3187 -79
3188 -80
3189 -81
3190 -80
3191 -81
3192 -82
3193 -83
3194 -84
3195 -85
3196 -84
3197 -83
3198 -84
3199 -85
3200 -86
3201 -87
3202 -86
3203 -87
3204 -86
3205 -87
3206 -88
3207 -89
3208 -88
3209 -89
3210 -88
3211 -87
3212 -88
3213 -89
3214 -90
3215 -91
3216 -92
3217 -91
3218 -90
3219 -89
3220 -88
3221 -87
3222 -88
3223 -87
3224 -86
3225 -87
3226 -86
3227 -85
3228 -86
3229 -87
3230 -88
3231 -89
3232 -88
3233 -89
3234 -90
3235 -89
3236 -90
3237 -91
3238 -92
3239 -91
3240 -90
3241 -91
3242 -90
3243 -91
3244 -90
3245 -91
3246 -92
3247 -91
3248 -92
3249 -91
3250 -90
3251 -91
3252 -90
3253 -89
3254 -88
3255 -89
3256 -90
3257 -91
3258 -90
3259 -91
3260 -92
3261 -93
3262 -94
3263 -93
3264 -92
3265 -91
3266 -90
3267 -89
3268 -88
3269 -87
3270 -88
3271 -87
3272 -88
3273 -89
3274 -88
3275 -89
3276 -90
3277 -91
3278 -92
3279 -91
3280 -90
3281 -89
3282 -88
3283 -87
3284 -88
3285 -89
3286 -88
3287 -87
3288 -88
3289 -87
3290 -88
3291 -87
3292 -88
3293 -87
3294 -86
3295 -85
3296 -84
3297 -83
3298 -84
3299 -85
3300 -86
3301 -87
3302 -86
3303 -85
3304 -84
3305 -83
3306 -82
3307 -81
3308 -82
3309 -83
3310 -82
3311 -83
3312 -84
3313 -85
3314 -84
3315 -85
3316 -84
3317 -83
3318 -84
3319 -83
3320 -82
3321 -81
3322 -82
3323 -81
3324 -80
3325 -79
3326 -80
3327 -81
3328 -82
3329 -81
3330 -82
3331 -81
3332 -82
3333 -81
3334 -82
3335 -83
3336 -82
3337 -83
3338 -84
3339 -83
3340 -84
3341 -85
3342 -84
3343 -85
3344 -84
3345 -85
3346 -86
3347 -85
3348 -86
3349 -85
3350 -86
3351 -85
3352 -86
3353 -85
3354 -84
3355 -85
3356 -84
3357 -85
3358 -86
3359 -87
3360 -88
3361 -87
3362 -88
3363 -89
3364 -90
3365 -91
3366 -90
3367 -89
3368 -88
3369 -89
3370 -90
3371 -89
3372 -88
3373 -87
3374 -86
3375 -85
3376 -84
3377 -85
3378 -84
3379 -83
3380 -82
3381 -81
3382 -82
3383 -83
3384 -84
3385 -83
3386 -82
3387 -81
3388 -82
3389 -81
3390 -80
3391 -79
3392 -78
3393 -77
3394 -78
3395 -77
3396 -78
3397 -77
3398 -76
3399 -75
3400 -74
3401 -75
3402 -74
3403 -75
3404 -74
3405 -73
3406 -72
3407 -71
3408 -72
3409 -73
3410 -74
3411 -75
3412 -74
3413 -75
3414 -74
3415 -73
3416 -74
3417 -73
3418 -74
3419 -75
3420 -74
3421 -75
3422 -74
3423 -73
3424 -72
3425 -73
3426 -74
3427 -73
3428 -72
3429 -73
3430 -74
3431 -73
3432 -72
3433 -73
3434 -74
3435 -73
3436 -72
3437 -71
3438 -70
3439 -71
3440 -70
3441 -69
3442 -68
3443 -69
3444 -70
3445 -69
3446 -70
3447 -71
3448 -72
3449 -71
3450 -72
3451 -71
3452 -70
3453 -69
3454 -70
3455 -71
3456 -72
3457 -73
3458 -72
3459 -71
3460 -70
3461 -69
3462 -68
3463 -67
3464 -66
3465 -67
3466 -66
3467 -67
3468 -66
3469 -67
3470 -66
3471 -65
3472 -64
3473 -65
3474 -64
3475 -65
3476 -66
3477 -67
3478 -68
3479 -67
3480 -66
3481 -67
3482 -68
3483 -67
3484 -68
3485 -67
3486 -66
3487 -67
3488 -68
3489 -69
3490 -70
3491 -71
3492 -72
3493 -73
3494 -74
3495 -75
3496 -74
3497 -75
3498 -76
3499 -75
3500 -76
3501 -77
3502 -78
3503 -79
3504 -80
3505 -81
3506 -82
3507 -81
3508 -80
3509 -79
3510 -80
3511 -81
3512 -82
3513 -81
3514 -82
3515 -83
3516 -82
3517 -83
3518 -84
3519 -85
3520 -84
3521 -83
3522 -84
3523 -83
3524 -84
3525 -85
3526 -86
3527 -85
3528 -86
3529 -85
3530 -84
3531 -83
3532 -84
3533 -85
3534 -84
3535 -83
3536 -82
3537 -81
3538 -80
3539 -81
3540 -80
3541 -79
3542 -78
3543 -77
3544 -78
3545 -77
3546 -76
3547 -77
3548 -78
3549 -79
3550 -78
3551 -79
3552 -80
3553 -79
3554 -80
3555 -79
3556 -78
3557 -79
3558 -78
3559 -79
3560 -80
3561 -81
3562 -82
3563 -83
3564 -84
3565 -83
3566 -82
3567 -83
3568 -84
3569 -83
3570 -82
3571 -81
3572 -82
3573 -83
3574 -82
3575 -81
3576 -80
3577 -81
3578 -82
3579 -83
3580 -84
3581 -83
3582 -82
3583 -83
3584 -84
3585 -83
3586 -82
3587 -81
3588 -80
3589 -81
3590 -82
3591 -83
3592 -82
3593 -83
3594 -82
3595 -81
3596 -80
3597 -79
3598 -80
3599 -79
3600 -80
3601 -81
3602 -80
3603 -79
3604 -80
3605 -79
3606 -78
3607 -77
3608 -76
3609 -75
3610 -74
3611 -73
3612 -72
3613 -73
3614 -74
3615 -73
3616 -74
3617 -73
3618 -72
3619 -73
3620 -72
3621 -71
3622 -72
3623 -71
3624 -70
3625 -69
3626 -68
3627 -67
3628 -68
3629 -69
3630 -68
3631 -69
3632 -68
3633 -69
3634 -68
3635 -67
3636 -66
3637 -67
3638 -68
3639 -67
3640 -68
3641 -67
3642 -68
3643 -67
3644 -66
3645 -67
3646 -66
3647 -65
3648 -64
3649 -65
3650 -66
3651 -65
3652 -64
3653 -63
3654 -62
3655 -61
3656 -60
3657 -61
3658 -60
3659 -59
3660 -58
3661 -57
3662 -56
3663 -57
3664 -56
3665 -57
3666 -56
3667 -55
3668 -56
3669 -55
3670 -54
3671 -53
3672 -52
3673 -51
3674 -52
3675 -51
3676 -52
3677 -53
3678 -54
3679 -55
3680 -56
3681 -55
3682 -54
3683 -55
3684 -54
3685 -55
3686 -54
3687 -53
3688 -52
3689 -53
3690 -52
3691 -53
3692 -54
3693 -55
3694 -56
3695 -55
3696 -54
3697 -55
3698 -54
3699 -53
3700 -54
3701 -53
3702 -52
3703 -51
3704 -52
3705 -53
3706 -52
3707 -53
3708 -52
3709 -51
3710 -52
3711 -51
3712 -52
3713 -53
3714 -54
3715 -55
3716 -56
3717 -55
3718 -54
3719 -53
3720 -54
3721 -55
3722 -54
3723 -53
3724 -52
3725 -53
3726 -52
3727 -53
3728 -52
3729 -53
3730 -54
3731 -55
3732 -54
3733 -53
3734 -54
3735 -53
3736 -52
3737 -53
3738 -52
3739 -51
3740 -52
3741 -51
3742 -50
3743 -49
3744 -48
3745 -49
3746 -48
3747 -47
3748 -48
3749 -47
3750 -46
3751 -45
3752 -44
3753 -45
3754 -46
3755 -47
3756 -48
3757 -47
3758 -46
3759 -47
3760 -46
3761 -45
3762 -44
3763 -45
3764 -46
3765 -45
3766 -46
3767 -47
3768 -46
3769 -47
3770 -48
3771 -49
3772 -50
3773 -51
3774 -50
3775 -49
3776 -50
3777 -51
3778 -50
3779 -51
3780 -52
3781 -51
3782 -50
3783 -51
3784 -50
3785 -49
3786 -50
3787 -49
3788 -48
3789 -49
3790 -48
3791 -49
3792 -48
3793 -49
3794 -48
3795 -49
3796 -50
3797 -49
3798 -50
3799 -51
3800 -52
3801 -53
3802 -54
3803 -53
3804 -54
3805 -53
3806 -54
3807 -53
3808 -52
3809 -53
3810 -54
3811 -53
3812 -52
3813 -53
3814 -54
3815 -55
3816 -56
3817 -55
3818 -54
3819 -55
3820 -56
3821 -57
3822 -56
3823 -55
3824 -56
3825 -55
3826 -54
3827 -53
3828 -54
3829 -55
3830 -56
3831 -55
3832 -54
3833 -53
3834 -52
3835 -51
3836 -50
3837 -51
3838 -52
3839 -51
3840 -50
3841 -49
3842 -48
3843 -49
3844 -50
3845 -49
3846 -50
3847 -49
3848 -50
3849 -51
3850 -52
3851 -53
3852 -52
3853 -51
3854 -52
3855 -53
3856 -52
3857 -53
3858 -52
3859 -51
3860 -50
3861 -49
3862 -48
3863 -47
3864 -48
3865 -49
3866 -48
3867 -47
3868 -46
3869 -45
3870 -44
3871 -43
3872 -42
3873 -43
3874 -42
3875 -43
3876 -44
3877 -45
3878 -46
3879 -45
3880 -44
3881 -43
3882 -42
3883 -43
3884 -42
3885 -43
3886 -42
3887 -41
3888 -42
3889 -41
3890 -42
3891 -41
3892 -42
3893 -43
3894 -44
3895 -45
3896 -44
3897 -43
3898 -42
3899 -41
3900 -42
3901 -43
3902 -44
3903 -45
3904 -46
3905 -47
3906 -48
3907 -47
3908 -48
3909 -49
3910 -50
3911 -51
3912 -52
3913 -53
3914 -54
3915 -55
3916 -56
3917 -57
3918 -58
3919 -59
3920 -60
3921 -59
3922 -58
3923 -59
3924 -58
3925 -59
3926 -58
3927 -59
3928 -58
3929 -57
3930 -56
3931 -57
3932 -58
3933 -57
3934 -58
3935 -59
3936 -60
3937 -59
3938 -58
3939 -57
3940 -56
3941 -57
3942 -56
3943 -57
3944 -58
3945 -59
3946 -58
3947 -59
3948 -58
3949 -59
3950 -60
3951 -61
3952 -62
3953 -63
3954 -62
3955 -61
3956 -62
3957 -61
3958 -62
3959 -61
3960 -62
3961 -61
3962 -60
3963 -61
3964 -62
3965 -61
3966 -62
3967 -61
3968 -62
3969 -61
3970 -60
3971 -59
3972 -60
3973 -61
3974 -62
3975 -63
3976 -64
3977 -65
3978 -64
3979 -65
3980 -66
3981 -67
3982 -66
3983 -67
3984 -66
3985 -67
3986 -68
3987 -67
3988 -66
3989 -65
3990 -64
3991 -65
3992 -64
3993 -65
3994 -64
3995 -65
3996 -66
3997 -65
3998 -64
3999 -65
4000 -64
4001 -65
4002 -64
4003 -65
4004 -66
4005 -65
4006 -66
4007 -65
4008 -66
4009 -67
4010 -68
4011 -69
4012 -68
4013 -69
4014 -68
4015 -69
4016 -70
4017 -71
4018 -70
4019 -71
4020 -70
4021 -71
4022 -70
4023 -69
4024 -70
4025 -69
4026 -68
4027 -69
4028 -70
4029 -69
4030 -70
4031 -71
4032 -72
4033 -71
4034 -72
4035 -71
4036 -72
4037 -71
4038 -70
4039 -71
4040 -72
4041 -71
4042 -70
4043 -69
4044 -70
4045 -71
4046 -72
4047 -71
4048 -72
4049 -71
4050 -72
4051 -73
4052 -74
4053 -75
4054 -76
4055 -77
4056 -76
4057 -75
4058 -76
4059 -77
4060 -78
4061 -77
4062 -78
4063 -79
4064 -78
4065 -77
4066 -76
4067 -77
4068 -78
4069 -77
4070 -78
4071 -77
4072 -78
4073 -77
4074 -78
4075 -79
4076 -78
4077 -79
4078 -80
4079 -81
4080 -82
4081 -81
4082 -82
4083 -81
4084 -80
4085 -81
4086 -80
4087 -79
4088 -80
4089 -79
4090 -78
4091 -77
4092 -78
4093 -77
4094 -76
4095 -75
4096 -76
4097 -77
4098 -78
4099 -79
4100 -78
4101 -79
4102 -80
4103 -79
4104 -80
4105 -81
4106 -80
4107 -81
4108 -80
4109 -81
4110 -80
4111 -81
4112 -82
4113 -83
4114 -84
4115 -83
4116 -82
4117 -83
4118 -84
4119 -83
4120 -84
4121 -83
4122 -82
4123 -81
4124 -80
4125 -81
4126 -82
4127 -81
4128 -80
4129 -81
4130 -80
4131 -79
4132 -80
4133 -81
4134 -80
4135 -79
4136 -78
4137 -79
4138 -78
4139 -77
4140 -78
4141 -77
4142 -76
4143 -77
4144 -76
4145 -75
4146 -74
4147 -73
4148 -74
4149 -73
4150 -74
4151 -75
4152 -74
4153 -75
4154 -74
4155 -73
4156 -74
4157 -73
4158 -74
4159 -73
4160 -72
4161 -71
4162 -72
4163 -71
4164 -72
4165 -73
4166 -74
4167 -73
4168 -74
4169 -73
4170 -72
4171 -73
4172 -72
4173 -73
4174 -74
4175 -73
4176 -74
4177 -75
4178 -74
4179 -75
4180 -74
4181 -75
4182 -76
4183 -75
4184 -76
4185 -75
4186 -74
4187 -73
4188 -74
4189 -75
4190 -76
4191 -77
4192 -78
4193 -77
4194 -76
4195 -77
4196 -76
4197 -77
4198 -76
4199 -77
4200 -76
4201 -77
4202 -76
4203 -75
4204 -76
4205 -75
4206 -76
4207 -75
4208 -76
4209 -75
4210 -74
4211 -73
4212 -72
4213 -71
4214 -72
4215 -71
4216 -70
4217 -69
4218 -68
4219 -67
4220 -66
4221 -65
4222 -66
4223 -65
4224 -64
4225 -65
4226 -66
4227 -67
4228 -66
4229 -65
4230 -64
4231 -65
4232 -64
4233 -63
4234 -62
4235 -61
4236 -60
4237 -61
4238 -60
4239 -59
4240 -58
4241 -59
4242 -58
4243 -57
4244 -56
4245 -55
4246 -56
4247 -55
4248 -54
4249 -53
4250 -52
4251 -53
4252 -52
4253 -53
4254 -52
4255 -53
4256 -54
4257 -53
4258 -54
4259 -53
4260 -52
4261 -51
4262 -52
4263 -53
4264 -52
4265 -53
4266 -54
4267 -53
4268 -54
4269 -55
4270 -54
4271 -53
4272 -54
4273 -53
4274 -54
4275 -55
4276 -54
4277 -55
4278 -56
4279 -55
4280 -56
4281 -55
4282 -56
4283 -55
4284 -54
4285 -53
4286 -54
4287 -53
4288 -52
4289 -53
4290 -52
4291 -53
4292 -54
4293 -53
4294 -52
4295 -51
4296 -50
4297 -51
4298 -50
4299 -49
4300 -48
4301 -47
4302 -46
4303 -45
4304 -44
4305 -45
4306 -44
4307 -43
4308 -42
4309 -41
4310 -40
4311 -41
4312 -42
4313 -41
4314 -42
4315 -43
4316 -44
4317 -43
4318 -42
4319 -43
4320 -44
4321 -45
4322 -44
4323 -45
4324 -46
4325 -47
4326 -46
4327 -47
4328 -46
4329 -47
4330 -46
4331 -45
4332 -44
4333 -43
4334 -42
4335 -41
4336 -42
4337 -43
4338 -42
4339 -41
4340 -40
4341 -39
4342 -38
4343 -39
4344 -40
4345 -41
4346 -42
4347 -41
4348 -42
4349 -43
4350 -42
4351 -43
4352 -42
4353 -41
4354 -42
4355 -43
4356 -44
4357 -43
4358 -44
4359 -45
4360 -46
4361 -45
4362 -44
4363 -43
4364 -44
4365 -43
4366 -42
4367 -41
4368 -40
4369 -41
4370 -40
4371 -39
4372 -40
4373 -39
4374 -40
4375 -39
4376 -40
4377 -41
4378 -40
4379 -39
4380 -40
4381 -41
4382 -40
4383 -39
4384 -40
4385 -41
4386 -40
4387 -39
4388 -40
4389 -39
4390 -40
4391 -39
4392 -38
4393 -39
4394 -40
4395 -41
4396 -40
4397 -41
4398 -40
4399 -39
4400 -40
4401 -41
4402 -40
4403 -41
4404 -42
4405 -41
4406 -40
4407 -39
4408 -40
4409 -39
4410 -38
4411 -39
4412 -38
4413 -39
4414 -38
4415 -37
4416 -38
4417 -37
4418 -38
4419 -37
4420 -36
4421 -37
4422 -38
4423 -37
4424 -38
4425 -39
4426 -40
4427 -41
4428 -42
4429 -41
4430 -42
4431 -41
4432 -40
4433 -39
4434 -40
4435 -39
4436 -40
4437 -39
4438 -40
4439 -39
4440 -40
4441 -39
4442 -40
4443 -39
4444 -40
4445 -41
4446 -42
4447 -43
4448 -42
4449 -43
4450 -44
4451 -43
4452 -44
4453 -43
4454 -44
4455 -43
4456 -44
4457 -43
4458 -44
4459 -45
4460 -44
4461 -43
4462 -44
4463 -43
4464 -42
4465 -43
4466 -42
4467 -43
4468 -42
4469 -41
4470 -40
4471 -39
4472 -38
4473 -39
4474 -38
4475 -39
4476 -40
4477 -41
4478 -40
4479 -39
4480 -38
4481 -37
4482 -36
4483 -35
4484 -34
4485 -33
4486 -34
4487 -35
4488 -36
4489 -37
4490 -38
4491 -37
4492 -38
4493 -39
4494 -38
4495 -39
4496 -38
4497 -37
4498 -36
4499 -37
4500 -36
4501 -37
4502 -36
4503 -37
4504 -36
4505 -37
4506 -38
4507 -39
4508 -38
4509 -39
4510 -40
4511 -41
4512 -42
4513 -41
4514 -40
4515 -41
4516 -42
4517 -41
4518 -40
4519 -41
4520 -42
4521 -43
4522 -42
4523 -43
4524 -44
4525 -45
4526 -46
4527 -47
4528 -48
4529 -49
4530 -48
4531 -47
4532 -46
4533 -45
4534 -44
4535 -45
4536 -46
4537 -45
4538 -44
4539 -43
4540 -42
4541 -41
4542 -42
4543 -43
4544 -42
4545 -43
4546 -44
4547 -43
4548 -44
4549 -45
4550 -46
4551 -45
4552 -44
4553 -45
4554 -46
4555 -47
4556 -46
4557 -45
4558 -44
4559 -45
4560 -46
4561 -45
4562 -46
4563 -47
4564 -46
4565 -47
4566 -46
4567 -47
4568 -46
4569 -47
4570 -48
4571 -47
4572 -48
4573 -49
4574 -48
4575 -47
4576 -48
4577 -49
4578 -50
4579 -49
4580 -48
4581 -47
4582 -46
4583 -45
4584 -44
4585 -43
4586 -44
4587 -43
4588 -42
4589 -41
4590 -40
4591 -39
4592 -38
4593 -37
4594 -36
4595 -37
4596 -36
4597 -35
4598 -34
4599 -33
4600 -32
4601 -33
4602 -32
4603 -31
4604 -30
4605 -31
4606 -32
4607 -33
4608 -32
4609 -33
4610 -34
4611 -35
4612 -36
4613 -37
4614 -38
4615 -37
4616 -38
4617 -37
4618 -38
4619 -39
4620 -38
4621 -39
4622 -38
4623 -37
4624 -38
4625 -37
4626 -36
4627 -35
4628 -36
4629 -35
4630 -36
4631 -35
4632 -34
4633 -35
4634 -34
4635 -33
4636 -34
4637 -33
4638 -32
4639 -31
4640 -30
4641 -29
4642 -28
4643 -29
4644 -28
4645 -27
4646 -26
4647 -27
4648 -26
4649 -27
4650 -28
4651 -27
4652 -26
4653 -25
4654 -24
4655 -23
4656 -22
4657 -21
4658 -22
4659 -21
4660 -22
4661 -21
4662 -20
4663 -19
4664 -18
4665 -17
4666 -16
4667 -17
4668 -16
4669 -17
4670 -18
4671 -17
4672 -18
4673 -19
4674 -18
4675 -19
4676 -18
4677 -19
4678 -18
4679 -19
4680 -20
4681 -21
4682 -20
4683 -21
4684 -20
4685 -21
4686 -20
4687 -19
4688 -18
4689 -17
4690 -16
4691 -17
4692 -18
4693 -17
4694 -18
4695 -19
4696 -20
4697 -21
4698 -20
4699 -19
4700 -20
4701 -19
4702 -18
4703 -17
4704 -16
4705 -17
4706 -18
4707 -19
4708 -20
4709 -19
4710 -18
4711 -17
4712 -16
4713 -17
4714 -18
4715 -19
4716 -20
4717 -21
4718 -22
4719 -21
4720 -20
4721 -19
4722 -18
4723 -19
4724 -18
4725 -17
4726 -16
4727 -17
4728 -18
4729 -17
4730 -18
4731 -19
4732 -18
4733 -19
4734 -20
4735 -21
4736 -20
4737 -21
4738 -20
4739 -19
4740 -18
4741 -17
4742 -18
4743 -19
4744 -18
4745 -19
4746 -18
4747 -17
4748 -18
4749 -19
4750 -20
4751 -21
4752 -20
4753 -21
4754 -20
4755 -19
4756 -20
4757 -19
4758 -20
4759 -21
4760 -20
4761 -19
4762 -18
4763 -19
4764 -20
4765 -21
4766 -20
4767 -21
4768 -20
4769 -19
4770 -20
4771 -19
4772 -20
4773 -21
4774 -22
4775 -23
4776 -22
4777 -21
4778 -20
4779 -19
4780 -20
4781 -19
4782 -20
4783 -19
4784 -20
4785 -21
4786 -20
4787 -21
4788 -20
4789 -19
4790 -18
4791 -17
4792 -18
4793 -19
4794 -20
4795 -19
4796 -18
4797 -17
4798 -18
4799 -19
4800 -20
4801 -21
4802 -22
4803 -21
4804 -22
4805 -21
4806 -20
4807 -19
4808 -20
4809 -19
4810 -18
4811 -17
4812 -18
4813 -19
4814 -20
4815 -21
4816 -20
4817 -21
4818 -20
4819 -19
4820 -18
4821 -17
4822 -16
4823 -15
4824 -16
4825 -17
4826 -16
4827 -15
4828 -14
4829 -13
4830 -12
4831 -11
4832 -10
4833 -9
4834 -8
4835 -9
4836 -8
4837 -7
4838 -6
4839 -7
4840 -6
4841 -7
4842 -6
4843 -5
4844 -6
4845 -7
4846 -8
4847 -7
4848 -8
4849 -7
4850 -8
4851 -9
4852 -10
4853 -9
4854 -10
4855 -9
4856 -8
4857 -7
4858 -8
4859 -7
4860 -6
4861 -5
4862 -4
4863 -5
4864 -6
4865 -5
4866 -4
4867 -3
4868 -2
4869 -1
4870 -2
4871 -3
4872 -2
4873 -3
4874 -4
4875 -5
4876 -4
4877 -5
4878 -4
4879 -5
4880 -6
4881 -7
4882 -6
4883 -7
4884 -8
4885 -9
4886 -10
4887 -11
4888 -10
4889 -11
4890 -12
4891 -11
4892 -12
4893 -13
4894 -14
4895 -13
4896 -12
4897 -11
4898 -10
4899 -9
4900 -8
4901 -7
4902 -6
4903 -7
4904 -8
4905 -7
4906 -6
4907 -5
4908 -6
4909 -5
4910 -6
4911 -7
4912 -8
4913 -9
4914 -10
4915 -9
4916 -10
4917 -11
4918 -10
4919 -9
4920 -10
4921 -9
4922 -8
4923 -9
4924 -8
4925 -7
4926 -6
4927 -7
4928 -8
4929 -7
4930 -8
4931 -7
4932 -6
4933 -5
4934 -4
4935 -5
4936 -6
4937 -5
4938 -6
4939 -5
4940 -4
4941 -5
4942 -4
4943 -3
4944 -2
4945 -3
4946 -4
4947 -3
4948 -4
4949 -5
4950 -6
4951 -7
4952 -6
4953 -5
4954 -6
4955 -7
4956 -8
4957 -7
4958 -8
4959 -7
4960 -6
4961 -5
4962 -6
4963 -5
4964 -4
4965 -5
4966 -4
4967 -3
4968 -2
4969 -1
4970 0
4971 -1
4972 0
4973 1
4974 2
4975 3
4976 4
4977 5
4978 4
4979 3
4980 4
4981 5
4982 4
4983 3
4984 4
4985 3
4986 2
4987 1
4988 0
4989 -1
4990 -2
4991 -1
4992 -2
4993 -1
4994 0
4995 1
4996 0
4997 -1
4998 0
4999 1
5000 2
5001 1
5002 0
5003 1
5004 2
5005 1
5006 0
5007 1
5008 0
5009 -1
5010 -2
5011 -1
5012 0
5013 -1
5014 -2
5015 -1
5016 -2
5017 -3
5018 -2
5019 -3
5020 -4
5021 -5
5022 -4
5023 -3
5024 -4
5025 -3
5026 -2
5027 -3
5028 -2
5029 -1
5030 0
5031 -1
5032 -2
5033 -3
5034 -2
5035 -3
5036 -2
5037 -1
5038 -2
5039 -3
5040 -2
5041 -3
5042 -2
5043 -1
5044 -2
5045 -1
5046 -2
5047 -3
5048 -4
5049 -3
5050 -4
5051 -5
5052 -4
5053 -5
5054 -6
5055 -5
5056 -6
5057 -5
5058 -4
5059 -5
5060 -6
5061 -7
5062 -8
5063 -9
5064 -8
5065 -7
5066 -6
5067 -7
5068 -6
5069 -5
5070 -4
5071 -5
5072 -4
5073 -5
5074 -6
5075 -7
5076 -6
5077 -7
5078 -6
5079 -7
5080 -8
5081 -9
5082 -8
5083 -9
5084 -8
5085 -7
5086 -6
5087 -7
5088 -8
5089 -9
5090 -10
5091 -11
5092 -10
5093 -9
5094 -8
5095 -9
5096 -8
5097 -7
5098 -6
5099 -7
5100 -8
5101 -9
5102 -10
5103 -9
5104 -8
5105 -9
5106 -8
5107 -7
5108 -6
5109 -7
5110 -6
5111 -5
5112 -4
5113 -3
5114 -4
5115 -3
5116 -2
5117 -1
5118 -2
5119 -3
5120 -2
5121 -1
5122 -2
5123 -3
5124 -2
5125 -1
5126 0
5127 -1
5128 0
5129 1
5130 2
5131 3
5132 2
5133 1
5134 2
5135 3
5136 4
5137 5
5138 4
5139 3
5140 2
5141 3
5142 2
5143 3
5144 2
5145 1
5146 0
5147 -1
5148 0
5149 1
5150 0
5151 -1
5152 -2
5153 -1
5154 0
5155 1
5156 2
5157 3
5158 4
5159 5
5160 4
5161 3
5162 4
5163 5
5164 6
5165 5
5166 6
5167 5
5168 6
5169 5
5170 6
5171 5
5172 4
5173 3
5174 2
5175 1
5176 0
5177 1
5178 2
5179 3
5180 4
5181 5
5182 4
5183 3
5184 4
5185 5
5186 4
5187 5
5188 6
5189 7
5190 6
5191 7
5192 8
5193 7
5194 6
5195 7
5196 6
5197 7
5198 6
5199 7
5200 8
5201 9
5202 10
5203 11
5204 10
5205 9
5206 8
5207 7
5208 6
5209 5
5210 6
5211 7
5212 6
5213 7
5214 8
5215 7
5216 6
5217 5
5218 6
5219 5
5220 6
5221 5
5222 6
5223 7
5224 6
5225 7
5226 6
5227 7
5228 6
5229 5
5230 6
5231 7
5232 6
5233 7
5234 8
5235 9
5236 10
5237 9
5238 8
5239 7
5240 6
5241 7
5242 8
5243 9
5244 10
5245 9
5246 8
5247 7
5248 8
5249 9
5250 10
5251 9
5252 8
5253 7
5254 6
5255 5
5256 4
5257 5
5258 6
5259 7
5260 6
5261 5
5262 6
5263 5
5264 4
5265 3
5266 2
5267 1
5268 0
5269 1
5270 0
5271 -1
5272 -2
5273 -3
5274 -2
5275 -3
5276 -2
5277 -3
5278 -4
5279 -3
5280 -2
5281 -3
5282 -4
5283 -3
5284 -4
5285 -5
5286 -6
5287 -5
5288 -4
5289 -5
5290 -4
5291 -3
5292 -4
5293 -5
5294 -4
5295 -5
5296 -6
5297 -7
5298 -6
5299 -7
5300 -8
5301 -7
5302 -6
5303 -7
5304 -6
5305 -5
5306 -4
5307 -3
5308 -2
5309 -1
5310 0
5311 -1
5312 0
5313 1
5314 2
5315 1
5316 2
5317 1
5318 0
5319 -1
5320 -2
5321 -3
5322 -2
5323 -3
5324 -4
5325 -3
5326 -2
5327 -3
5328 -4
5329 -3
5330 -2
5331 -1
5332 -2
5333 -1
5334 -2
5335 -1
5336 -2
5337 -1
5338 -2
5339 -3
5340 -2
5341 -1
5342 -2
5343 -3
5344 -2
5345 -3
5346 -4
5347 -5
5348 -6
5349 -5
5350 -4
5351 -5
5352 -6
5353 -5
5354 -4
5355 -3
5356 -2
5357 -3
5358 -4
5359 -5
5360 -4
5361 -3
5362 -4
5363 -5
5364 -6
5365 -5
5366 -6
5367 -7
5368 -6
5369 -5
5370 -6
5371 -7
5372 -8
5373 -7
5374 -8
5375 -7
5376 -6
5377 -7
5378 -6
5379 -5
5380 -4
5381 -5
5382 -4
5383 -5
5384 -6
5385 -7
5386 -6
5387 -5
5388 -4
5389 -5
5390 -4
5391 -3
5392 -4
5393 -3
5394 -4
5395 -3
5396 -2
5397 -3
5398 -4
5399 -3
5400 -4
5401 -3
5402 -2
5403 -3
5404 -2
5405 -3
5406 -2
5407 -1
5408 0
5409 1
5410 2
5411 3
5412 2
5413 1
5414 0
5415 -1
5416 0
5417 -1
5418 0
5419 1
5420 0
5421 -1
5422 -2
5423 -1
5424 -2
5425 -1
5426 0
5427 -1
5428 -2
5429 -1
5430 0
5431 -1
5432 -2
5433 -1
5434 0
5435 1
5436 0
5437 -1
5438 -2
5439 -1
5440 -2
5441 -3
5442 -4
5443 -3
5444 -4
5445 -3
5446 -4
5447 -5
5448 -4
5449 -3
5450 -4
5451 -5
5452 -4
5453 -5
5454 -4
5455 -3
5456 -2
5457 -3
5458 -2
5459 -3
5460 -2
5461 -3
5462 -4
5463 -3
5464 -4
5465 -3
5466 -2
5467 -1
5468 -2
5469 -3
5470 -2
5471 -1
5472 0
5473 1
5474 0
5475 1
5476 2
5477 1
5478 0
5479 -1
5480 -2
5481 -1
5482 0
5483 1
5484 0
5485 1
5486 2
5487 1
5488 2
5489 1
5490 0
5491 -1
5492 0
5493 -1
5494 -2
5495 -3
5496 -2
5497 -3
5498 -4
5499 -5
5500 -6
5501 -7
5502 -6
5503 -5
5504 -6
5505 -7
5506 -6
5507 -5
5508 -4
5509 -5
5510 -6
5511 -5
5512 -6
5513 -7
5514 -8
5515 -7
5516 -8
5517 -9
5518 -10
5519 -9
5520 -10
5521 -9
5522 -10
5523 -11
5524 -12
5525 -11
5526 -12
5527 -13
5528 -14
5529 -15
5530 -16
5531 -15
5532 -16
5533 -17
5534 -16
5535 -15
5536 -14
5537 -13
5538 -12
5539 -13
5540 -12
5541 -13
5542 -12
5543 -13
5544 -14
5545 -15
5546 -14
5547 -15
5548 -16
5549 -15
5550 -16
5551 -15
5552 -14
5553 -13
5554 -12
5555 -13
5556 -12
5557 -13
5558 -14
5559 -15
5560 -14
5561 -15
5562 -14
5563 -13
5564 -14
5565 -13
5566 -12
5567 -11
5568 -10
5569 -9
5570 -10
5571 -9
5572 -10
5573 -9
5574 -10
5575 -11
5576 -10
5577 -9
5578 -8
5579 -9
5580 -10
5581 -11
5582 -10
5583 -11
5584 -10
5585 -9
5586 -8
5587 -7
5588 -6
5589 -5
5590 -4
5591 -5
5592 -4
5593 -5
5594 -6
5595 -5
5596 -6
5597 -7
5598 -6
5599 -5
5600 -4
5601 -5
5602 -6
5603 -5
5604 -6
5605 -5
5606 -6
5607 -5
5608 -4
5609 -5
5610 -4
5611 -3
5612 -4
5613 -3
5614 -2
5615 -1
5616 -2
5617 -3
5618 -4
5619 -5
5620 -4
5621 -5
5622 -4
5623 -3
5624 -4
5625 -5
5626 -4
5627 -3
5628 -2
5629 -3
5630 -2
5631 -1
5632 0
5633 -1
5634 0
5635 -1
5636 -2
5637 -3
5638 -4
5639 -3
5640 -4
5641 -3
5642 -4
5643 -3
5644 -4
5645 -5
5646 -6
5647 -5
5648 -6
5649 -7
5650 -6
5651 -7
5652 -6
5653 -7
5654 -8
5655 -7
5656 -6
5657 -5
5658 -6
5659 -7
5660 -8
5661 -9
5662 -10
5663 -11
5664 -12
5665 -11
5666 -12
5667 -11
5668 -12
5669 -13
5670 -12
5671 -13
5672 -14
5673 -13
5674 -14
5675 -13
5676 -14
5677 -13
5678 -12
5679 -13
5680 -14
5681 -15
5682 -16
5683 -17
5684 -16
5685 -17
5686 -16
5687 -17
5688 -16
5689 -17
5690 -18
5691 -17
5692 -16
5693 -15
5694 -16
5695 -15
5696 -14
5697 -15
5698 -14
5699 -15
5700 -16
5701 -15
5702 -16
5703 -15
5704 -14
5705 -13
5706 -12
5707 -13
5708 -14
5709 -15
5710 -16
5711 -17
5712 -16
5713 -15
5714 -14
5715 -15
5716 -14
5717 -15
5718 -16
5719 -15
5720 -16
5721 -15
5722 -16
5723 -15
5724 -16
5725 -17
5726 -16
5727 -17
5728 -16
5729 -17
5730 -18
5731 -17
5732 -18
5733 -17
5734 -18
5735 -17
5736 -18
5737 -17
5738 -16
5739 -17
5740 -18
5741 -19
5742 -18
5743 -17
5744 -18
5745 -17
5746 -16
5747 -17
5748 -16
5749 -17
5750 -18
5751 -19
5752 -20
5753 -19
5754 -20
5755 -21
5756 -20
5757 -21
5758 -20
5759 -19
5760 -20
5761 -19
5762 -20
5763 -21
5764 -20
5765 -21
5766 -22
5767 -21
5768 -20
5769 -21
5770 -20
5771 -21
5772 -22
5773 -21
5774 -22
5775 -21
5776 -20
5777 -21
5778 -20
5779 -19
5780 -18
5781 -19
5782 -18
5783 -19
5784 -18
5785 -19
5786 -18
5787 -19
5788 -20
5789 -21
5790 -20
5791 -19
5792 -18
5793 -19
5794 -18
5795 -17
5796 -18
5797 -17
5798 -18
5799 -17
5800 -18
5801 -17
5802 -18
5803 -17
5804 -16
5805 -15
5806 -14
5807 -13
5808 -12
5809 -13
5810 -14
5811 -13
5812 -14
5813 -15
5814 -16
5815 -17
5816 -18
5817 -19
5818 -18
5819 -19
5820 -18
5821 -19
5822 -20
5823 -21
5824 -22
5825 -21
5826 -20
5827 -21
5828 -22
5829 -21
5830 -20
5831 -19
5832 -18
5833 -19
5834 -18
5835 -19
5836 -18
5837 -19
5838 -20
5839 -21
5840 -22
5841 -21
5842 -22
5843 -21
5844 -20
5845 -21
5846 -20
5847 -19
5848 -18
5849 -19
5850 -20
5851 -19
5852 -18
5853 -17
5854 -16
5855 -17
5856 -18
5857 -19
5858 -20
5859 -19
5860 -20
5861 -19
5862 -18
5863 -17
5864 -18
5865 -19
5866 -18
5867 -19
5868 -20
5869 -21
5870 -22
5871 -21
5872 -22
5873 -21
5874 -22
5875 -23
5876 -22
5877 -21
5878 -22
5879 -23
5880 -24
5881 -23
5882 -24
5883 -23
5884 -24
5885 -23
5886 -22
5887 -23
5888 -24
5889 -25
5890 -26
5891 -27
5892 -26
5893 -25
5894 -26
5895 -25
5896 -26
5897 -25
5898 -24
5899 -23
5900 -24
5901 -23
5902 -24
5903 -25
5904 -24
5905 -23
5906 -22
5907 -23
5908 -22
5909 -21
5910 -22
5911 -21
5912 -22
5913 -21
5914 -20
5915 -19
5916 -18
5917 -17
5918 -18
5919 -19
5920 -18
5921 -19
5922 -20
5923 -21
5924 -22
5925 -21
5926 -22
5927 -23
5928 -24
5929 -25
5930 -24
5931 -25
5932 -26
5933 -25
5934 -24
5935 -23
5936 -22
5937 -23
5938 -24
5939 -25
5940 -24
5941 -23
5942 -22
5943 -21
5944 -20
5945 -19
5946 -18
5947 -17
5948 -18
5949 -19
5950 -18
5951 -19
5952 -20
5953 -21
5954 -22
5955 -23
5956 -22
5957 -21
5958 -20
5959 -19
5960 -20
5961 -21
5962 -22
5963 -21
5964 -22
5965 -21
5966 -20
5967 -19
5968 -20
5969 -19
5970 -18
5971 -19
5972 -18
5973 -19
5974 -20
5975 -21
5976 -22
5977 -23
5978 -24
5979 -23
5980 -24
5981 -23
5982 -22
5983 -23
5984 -22
5985 -21
5986 -20
5987 -19
5988 -18
5989 -17
5990 -18
5991 -19
5992 -20
5993 -19
5994 -20
5995 -21
5996 -20
5997 -21
5998 -22
5999 -23
6000 -24
6001 -23
6002 -24
6003 -25
6004 -24
6005 -25
6006 -26
6007 -27
6008 -28
6009 -27
6010 -28
6011 -27
6012 -28
6013 -27
6014 -28
6015 -27
6016 -26
6017 -25
6018 -24
6019 -25
6020 -26
6021 -25
6022 -24
6023 -23
6024 -24
6025 -23
6026 -22
6027 -21
6028 -20
6029 -21
6030 -22
6031 -21
6032 -20
6033 -21
6034 -22
6035 -21
6036 -22
6037 -21
6038 -20
6039 -19
6040 -18
6041 -19
6042 -18
6043 -17
6044 -16
6045 -17
6046 -18
6047 -17
6048 -16
6049 -17
6050 -16
6051 -17
6052 -18
6053 -19
6054 -20
6055 -19
6056 -20
6057 -21
6058 -22
6059 -21
6060 -22
6061 -23
6062 -24
6063 -25
6064 -26
6065 -27
6066 -28
6067 -27
6068 -26
6069 -27
6070 -26
6071 -27
6072 -28
6073 -27
6074 -28
6075 -29
6076 -28
6077 -27
6078 -28
6079 -27
6080 -28
6081 -29
6082 -30
6083 -31
6084 -32
6085 -31
6086 -32
6087 -33
6088 -34
6089 -33
6090 -32
6091 -31
6092 -30
6093 -29
6094 -28
6095 -29
6096 -30
6097 -31
6098 -32
6099 -33
6100 -32
6101 -33
6102 -32
6103 -31
6104 -30
6105 -29
6106 -28
6107 -27
6108 -26
6109 -27
6110 -26
6111 -27
6112 -26
6113 -25
6114 -26
6115 -27
6116 -26
6117 -27
6118 -28
6119 -27
6120 -26
6121 -25
6122 -24
6123 -23
6124 -24
6125 -25
6126 -26
6127 -27
6128 -26
6129 -27
6130 -28
6131 -29
6132 -28
6133 -29
6134 -30
6135 -31
6136 -32
6137 -33
6138 -34
6139 -33
6140 -34
6141 -35
6142 -34
6143 -33
6144 -32
6145 -33
6146 -32
6147 -31
6148 -32
6149 -31
6150 -32
6151 -33
6152 -32
6153 -31
6154 -30
6155 -29
6156 -28
6157 -27
6158 -26
6159 -27
6160 -26
6161 -27
6162 -26
6163 -25
6164 -26
6165 -27
6166 -26
6167 -27
6168 -28
6169 -29
6170 -30
6171 -31
6172 -32
6173 -31
6174 -32
6175 -33
6176 -34
6177 -33
6178 -34
6179 -33
6180 -32
6181 -33
6182 -34
6183 -35
6184 -34
6185 -33
6186 -34
6187 -33
6188 -34
6189 -33
6190 -34
6191 -33
6192 -32
6193 -33
6194 -34
6195 -35
6196 -34
6197 -35
6198 -36
6199 -37
6200 -36
6201 -35
6202 -36
6203 -37
6204 -38
6205 -37
6206 -38
6207 -37
6208 -36
6209 -37
6210 -38
6211 -39
6212 -40
6213 -41
6214 -42
6215 -43
6216 -44
6217 -45
6218 -44
6219 -43
6220 -44
6221 -45
6222 -46
6223 -47
6224 -46
6225 -45
6226 -44
6227 -43
6228 -44
6229 -45
6230 -44
6231 -45
6232 -46
6233 -45
6234 -44
6235 -43
6236 -44
6237 -43
6238 -42
6239 -41
6240 -42
6241 -43
6242 -44
6243 -45
6244 -44
6245 -45
6246 -44
6247 -43
6248 -42
6249 -43
6250 -42
6251 -43
6252 -44
6253 -45
6254 -46
6255 -45
6256 -44
6257 -45
6258 -46
6259 -45
6260 -44
6261 -43
6262 -44
6263 -45
6264 -46
6265 -45
6266 -46
6267 -45
6268 -46
6269 -47
6270 -48
6271 -47
6272 -48
6273 -49
6274 -48
6275 -47
6276 -46
6277 -47
6278 -48
6279 -47
6280 -46
6281 -45
6282 -44
6283 -43
6284 -44
6285 -43
6286 -42
6287 -41
6288 -42
6289 -41
6290 -42
6291 -41
6292 -42
6293 -41
6294 -42
6295 -43
6296 -42
6297 -43
6298 -42
6299 -41
6300 -42
6301 -43
6302 -44
6303 -45
6304 -46
6305 -47
6306 -46
6307 -45
6308 -46
6309 -45
6310 -44
6311 -43
6312 -42
6313 -43
6314 -42
6315 -43
6316 -44
6317 -45
6318 -46
6319 -47
6320 -46
6321 -45
6322 -44
6323 -45
6324 -44
6325 -45
6326 -46
6327 -45
6328 -44
6329 -43
6330 -42
6331 -41
6332 -40
6333 -39
6334 -40
6335 -39
6336 -40
6337 -39
6338 -40
6339 -41
6340 -40
6341 -39
6342 -38
6343 -37
6344 -38
6345 -37
6346 -36
6347 -35
6348 -34
6349 -33
6350 -34
6351 -33
6352 -32
6353 -33
6354 -32
6355 -33
6356 -32
6357 -33
6358 -34
6359 -35
6360 -34
6361 -35
6362 -34
6363 -33
6364 -32
6365 -33
6366 -32
6367 -31
6368 -30
6369 -29
6370 -28
6371 -29
6372 -28
6373 -29
6374 -30
6375 -31
6376 -30
6377 -31
6378 -30
6379 -31
6380 -32
6381 -31
6382 -30
6383 -31
6384 -32
6385 -33
6386 -34
6387 -35
6388 -36
6389 -37
6390 -36
6391 -37
6392 -36
6393 -37
6394 -38
6395 -37
6396 -38
6397 -37
6398 -36
6399 -37
6400 -36
6401 -37
6402 -38
6403 -39
6404 -38
6405 -37
6406 -36
6407 -35
6408 -34
6409 -33
6410 -32
6411 -31
6412 -30
6413 -29
6414 -30
6415 -31
6416 -32
6417 -33
6418 -34
6419 -35
6420 -36
6421 -37
6422 -38
6423 -39
6424 -38
6425 -39
6426 -38
6427 -37
6428 -38
6429 -37
6430 -36
6431 -37
6432 -36
6433 -35
6434 -34
6435 -33
6436 -32
6437 -31
6438 -30
6439 -29
6440 -28
6441 -29
6442 -30
6443 -29
6444 -30
6445 -29
6446 -28
6447 -27
6448 -28
6449 -27
6450 -26
6451 -25
6452 -26
6453 -25
6454 -24
6455 -25
6456 -24
6457 -23
6458 -24
6459 -23
6460 -22
6461 -21
6462 -22
6463 -21
6464 -22
6465 -21
6466 -22
6467 -21
6468 -22
6469 -23
6470 -24
6471 -25
6472 -26
6473 -25
6474 -26
6475 -25
6476 -26
6477 -25
6478 -26
6479 -25
6480 -24
6481 -25
6482 -26
6483 -25
6484 -24
6485 -25
6486 -24
6487 -23
6488 -22
6489 -21
6490 -22
6491 -21
6492 -22
6493 -23
6494 -22
6495 -21
6496 -22
6497 -21
6498 -20
6499 -21
6500 -20
6501 -19
6502 -18
6503 -19
6504 -18
6505 -17
6506 -16
6507 -17
6508 -18
6509 -19
6510 -20
6511 -21
6512 -20
6513 -19
6514 -18
6515 -19
6516 -18
6517 -19
6518 -18
6519 -17
6520 -16
6521 -15
6522 -14
6523 -13
6524 -12
6525 -13
6526 -14
6527 -13
6528 -14
6529 -15
6530 -14
6531 -13
6532 -12
6533 -13
6534 -14
6535 -15
6536 -16
6537 -15
6538 -14
6539 -13
6540 -14
6541 -13
6542 -14
6543 -13
6544 -12
6545 -13
6546 -14
6547 -13
6548 -12
6549 -11
6550 -10
6551 -9
6552 -8
6553 -9
6554 -8
6555 -7
6556 -8
6557 -9
6558 -10
6559 -11
6560 -10
6561 -9
6562 -8
6563 -7
6564 -8
6565 -7
6566 -8
6567 -9
6568 -8
6569 -9
6570 -10
6571 -11
6572 -10
6573 -9
6574 -8
6575 -7
6576 -8
6577 -7
6578 -8
6579 -7
6580 -6
6581 -7
6582 -8
6583 -7
6584 -8
6585 -9
6586 -10
6587 -11
6588 -10
6589 -9
6590 -10
6591 -9
6592 -10
6593 -9
6594 -8
6595 -7
6596 -8
6597 -9
6598 -8
6599 -9
6600 -10
6601 -9
6602 -8
6603 -9
6604 -8
6605 -7
6606 -6
6607 -5
6608 -4
6609 -5
6610 -4
6611 -3
6612 -2
6613 -3
6614 -2
6615 -1
6616 -2
6617 -3
6618 -4
6619 -3
6620 -4
6621 -3
6622 -4
6623 -3
6624 -2
6625 -3
6626 -4
6627 -5
6628 -4
6629 -5
6630 -6
6631 -7
6632 -8
6633 -9
6634 -10
6635 -9
6636 -10
6637 -11
6638 -10
6639 -9
6640 -10
6641 -9
6642 -8
6643 -7
6644 -6
6645 -5
6646 -4
6647 -3
6648 -4
6649 -5
6650 -4
6651 -5
6652 -6
6653 -7
6654 -6
6655 -5
6656 -6
6657 -7
6658 -8
6659 -7
6660 -8
6661 -7
6662 -6
6663 -7
6664 -6
6665 -5
6666 -6
6667 -5
6668 -4
6669 -3
6670 -4
6671 -3
6672 -2
6673 -1
6674 -2
6675 -3
6676 -2
6677 -3
6678 -4
6679 -3
6680 -4
6681 -3
6682 -2
6683 -3
6684 -2
6685 -3
6686 -4
6687 -3
6688 -2
6689 -1
6690 -2
6691 -1
6692 0
6693 1
6694 0
6695 1
6696 2
6697 3
6698 2
6699 3
6700 4
6701 5
6702 4
6703 3
6704 4
6705 3
6706 4
6707 3
6708 4
6709 5
6710 6
6711 5
6712 6
6713 5
6714 6
6715 7
6716 8
6717 7
6718 8
6719 7
6720 8
6721 7
6722 6
6723 7
6724 6
6725 7
6726 8
6727 7
6728 8
6729 9
6730 8
6731 9
6732 8
6733 7
6734 8
6735 7
6736 6
6737 7
6738 8
6739 9
6740 8
6741 9
6742 8
6743 7
6744 8
6745 9
6746 10
6747 11
6748 12
6749 13
6750 12
6751 11
6752 10
6753 9
6754 10
6755 11
6756 10
6757 11
6758 10
6759 9
6760 8
6761 9
6762 10
6763 9
6764 10
6765 9
6766 10
6767 9
6768 8
6769 7
6770 8
6771 7
6772 6
6773 5
6774 4
6775 5
6776 4
6777 3
6778 4
6779 3
6780 2
6781 1
6782 2
6783 3
6784 2
6785 1
6786 2
6787 3
6788 4
6789 5
6790 6
6791 5
6792 4
6793 5
6794 4
6795 5
6796 6
6797 7
6798 8
6799 7
6800 6
6801 7
6802 6
6803 7
6804 8
6805 9
6806 10
6807 11
6808 10
6809 9
6810 10
6811 9
6812 8
6813 9
6814 10
6815 11
6816 10
6817 11
6818 12
6819 11
6820 12
6821 11
6822 10
6823 11
6824 10
6825 11
6826 10
6827 9
6828 10
6829 9
6830 10
6831 9
6832 10
6833 9
6834 10
6835 9
6836 8
6837 9
6838 10
6839 11
6840 10
6841 11
6842 10
6843 11
6844 10
6845 11
6846 12
6847 11
6848 10
6849 11
6850 10
6851 11
6852 10
6853 9
6854 8
6855 9
6856 8
6857 7
6858 8
6859 7
6860 6
6861 7
6862 6
6863 5
6864 6
6865 7
6866 6
6867 5
6868 6
6869 7
6870 6
6871 7
6872 6
6873 7
6874 8
6875 9
6876 10
6877 11
6878 10
6879 11
6880 12
6881 11
6882 10
6883 11
6884 12
6885 13
6886 14
6887 13
6888 12
6889 13
6890 12
6891 11
6892 12
6893 13
6894 14
6895 13
6896 14
6897 15
6898 16
6899 17
6900 18
6901 17
6902 18
6903 19
6904 18
6905 17
6906 16
6907 17
6908 18
6909 17
6910 16
6911 17
6912 18
6913 19
6914 18
6915 19
6916 20
6917 21
6918 20
6919 19
6920 20
6921 19
6922 20
6923 19
6924 18
6925 19
6926 18
6927 19
6928 18
6929 17
6930 16
6931 17
6932 16
6933 15
6934 16
6935 15
6936 14
6937 15
6938 14
6939 15
6940 14
6941 13
6942 14
6943 13
6944 12
6945 11
6946 10
6947 9
6948 8
6949 9
6950 8
6951 9
6952 10
6953 11
6954 10
6955 11
6956 10
6957 9
6958 10
6959 9
6960 8
6961 7
6962 6
6963 7
6964 6
6965 5
6966 4
6967 5
6968 4
6969 3
6970 4
6971 3
6972 4
6973 3
6974 2
6975 1
6976 2
6977 1
6978 0
6979 -1
6980 -2
6981 -3
6982 -2
6983 -1
6984 0
6985 -1
6986 0
6987 -1
6988 0
6989 -1
6990 0
6991 1
6992 2
6993 1
6994 2
6995 1
6996 2
6997 3
6998 4
6999 3
7000 4
7001 3
7002 4
7003 5
7004 4
7005 3
7006 2
7007 1
7008 2
7009 3
7010 2
7011 1
7012 0
7013 -1
7014 0
7015 -1
7016 0
7017 1
7018 0
7019 1
7020 2
7021 3
7022 4
7023 3
7024 4
7025 3
7026 2
7027 3
7028 4
7029 3
7030 4
7031 3
7032 4
7033 3
7034 4
7035 5
7036 6
7037 7
7038 8
7039 7
7040 6
7041 7
7042 8
7043 7
7044 8
7045 7
7046 8
7047 7
7048 8
7049 9
7050 10
7051 11
7052 12
7053 13
7054 14
7055 13
7056 14
7057 13
7058 14
7059 13
7060 12
7061 13
7062 14
7063 15
7064 14
7065 13
7066 14
7067 15
7068 14
7069 15
7070 16
7071 17
7072 16
7073 17
7074 16
7075 15
7076 14
7077 15
7078 14
7079 13
7080 14
7081 15
7082 14
7083 13
7084 12
7085 13
7086 14
7087 13
7088 14
7089 13
7090 12
7091 13
7092 14
7093 13
7094 12
7095 11
7096 10
7097 9
7098 10
7099 11
7100 10
7101 11
7102 12
7103 13
7104 12
7105 13
7106 12
7107 11
7108 12
7109 13
7110 14
7111 13
7112 14
7113 13
7114 12
7115 11
7116 10
7117 11
7118 10
7119 9
7120 8
7121 9
7122 8
7123 9
7124 8
7125 7
7126 8
7127 7
7128 6
7129 5
7130 6
7131 5
7132 4
7133 3
7134 2
7135 1
7136 2
7137 1
7138 2
7139 1
7140 2
7141 1
7142 0
7143 1
7144 2
7145 1
7146 2
7147 1
7148 0
7149 -1
7150 -2
7151 -1
7152 0
7153 1
7154 0
7155 1
7156 2
7157 3
7158 4
7159 3
7160 4
7161 5
7162 4
7163 3
7164 4
7165 3
7166 4
7167 5
7168 4
7169 3
7170 4
7171 3
7172 4
7173 3
7174 2
7175 3
7176 4
7177 3
7178 2
7179 3
7180 4
7181 3
7182 4
7183 5
7184 4
7185 5
7186 6
7187 5
7188 4
7189 3
7190 4
7191 5
7192 6
7193 5
7194 6
7195 5
7196 4
7197 5
7198 6
7199 5
7200 6
7201 7
7202 8
7203 9
7204 10
7205 9
7206 8
7207 7
7208 6
7209 7
7210 8
7211 7
7212 6
7213 5
7214 6
7215 5
7216 4
7217 5
7218 6
7219 7
7220 6
7221 5
7222 4
7223 3
7224 4
7225 5
7226 4
7227 3
7228 2
7229 3
7230 2
7231 1
7232 0
7233 1
7234 0
7235 -1
7236 -2
7237 -1
7238 -2
7239 -1
7240 0
7241 1
7242 2
7243 1
7244 0
7245 -1
7246 0
7247 1
7248 2
7249 3
7250 2
7251 1
7252 2
7253 1
7254 0
7255 -1
7256 -2
7257 -1
7258 -2
7259 -3
7260 -2
7261 -3
7262 -2
7263 -1
7264 -2
7265 -1
7266 -2
7267 -1
7268 0
7269 -1
7270 0
7271 -1
7272 -2
7273 -1
7274 -2
7275 -1
7276 0
7277 1
7278 0
7279 -1
7280 0
7281 1
7282 0
7283 1
7284 2
7285 3
7286 4
7287 5
7288 6
7289 7
7290 6
7291 7
7292 8
7293 7
7294 6
7295 5
7296 6
7297 7
7298 6
7299 5
7300 6
7301 7
7302 8
7303 9
7304 8
7305 9
7306 10
7307 11
7308 12
7309 11
7310 12
7311 13
7312 12
7313 11
7314 12
7315 11
7316 12
7317 13
7318 14
7319 15
7320 16
7321 15
7322 16
7323 17
7324 18
7325 19
7326 18
7327 19
7328 20
7329 19
7330 18
7331 17
7332 16
7333 17
7334 18
7335 17
7336 18
7337 17
7338 16
7339 17
7340 18
7341 19
7342 20
7343 19
7344 20
7345 21
7346 20
7347 21
7348 20
7349 21
7350 20
7351 19
7352 20
7353 21
7354 22
7355 21
7356 22
7357 23
7358 22
7359 23
7360 22
7361 21
7362 22
7363 23
7364 24
7365 25
7366 24
7367 23
7368 22
7369 23
7370 22
7371 23
7372 24
7373 25
7374 26
7375 27
7376 26
7377 25
7378 26
7379 27
7380 28
7381 29
7382 28
7383 29
7384 30
7385 31
7386 30
7387 31
7388 32
7389 33
7390 32
7391 31
7392 32
7393 31
7394 32
7395 31
7396 32
7397 31
7398 32
7399 31
7400 32
7401 31
7402 32
7403 31
7404 32
7405 33
7406 34
7407 35
7408 34
7409 33
7410 32
7411 31
7412 30
7413 31
7414 32
7415 31
7416 30
7417 31
7418 32
7419 33
7420 34
7421 33
7422 34
7423 33
7424 32
7425 33
7426 34
7427 35
7428 36
7429 35
7430 36
7431 37
7432 38
7433 39
7434 38
7435 39
7436 40
7437 41
7438 40
7439 41
7440 42
7441 43
7442 44
7443 45
7444 44
7445 45
7446 44
7447 45
7448 44
7449 45
7450 46
7451 45
7452 46
7453 47
7454 48
7455 49
7456 48
7457 49
7458 50
7459 51
7460 52
7461 53
7462 52
7463 51
7464 52
7465 51
7466 50
7467 51
7468 52
7469 53
7470 52
7471 53
7472 52
7473 53
7474 52
7475 53
7476 54
7477 55
7478 56
7479 57
7480 58
7481 59
7482 58
7483 57
7484 58
7485 57
7486 56
7487 57
7488 56
7489 57
7490 58
7491 57
7492 56
7493 55
7494 54
7495 55
7496 56
7497 57
7498 56
7499 57
7500 58
7501 59
7502 60
7503 61
7504 60
7505 61
7506 60
7507 61
7508 62
7509 63
7510 62
7511 63
7512 64
7513 63
7514 64
7515 63
7516 62
7517 61
7518 62
7519 61
7520 62
7521 63
7522 64
7523 63
7524 64
7525 63
7526 62
7527 61
7528 60
7529 59
7530 58
7531 57
7532 56
7533 55
7534 54
7535 55
7536 54
7537 53
7538 52
7539 53
7540 52
7541 53
7542 54
7543 53
7544 52
7545 53
7546 52
7547 53
7548 54
7549 53
7550 54
7551 55
7552 56
7553 55
7554 54
7555 55
7556 54
7557 55
7558 56
7559 57
7560 58
7561 59
7562 60
7563 59
7564 58
7565 57
7566 58
7567 57
7568 56
7569 57
7570 58
7571 57
7572 56
7573 55
7574 56
7575 57
7576 58
7577 57
7578 58
7579 59
7580 58
7581 57
7582 58
7583 59
7584 58
7585 57
7586 56
7587 57
7588 56
7589 55
7590 56
7591 55
7592 54
7593 53
7594 52
7595 53
7596 54
7597 55
7598 54
7599 53
7600 52
7601 53
7602 54
7603 53
7604 52
7605 53
7606 54
7607 53
7608 52
7609 51
7610 50
7611 51
7612 50
7613 49
7614 48
7615 49
7616 50
7617 51
7618 50
7619 49
7620 48
7621 47
7622 46
7623 47
7624 48
7625 49
7626 50
7627 51
7628 50
7629 51
7630 52
7631 53
7632 54
7633 53
7634 52
7635 51
7636 52
7637 51
7638 52
7639 53
7640 54
7641 53
7642 54
7643 53
7644 52
7645 53
7646 52
7647 53
7648 52
7649 53
7650 54
7651 53
7652 54
7653 53
7654 52
7655 51
7656 52
7657 51
7658 52
7659 51
7660 50
7661 51
7662 50
7663 51
7664 50
7665 49
7666 50
7667 51
7668 50
7669 49
7670 48
7671 49
7672 48
7673 47
7674 46
7675 45
7676 44
7677 45
7678 46
7679 47
7680 48
7681 47
7682 48
7683 47
7684 46
7685 47
7686 46
7687 47
7688 46
7689 47
7690 46
7691 45
7692 46
7693 45
7694 46
7695 45
7696 44
7697 43
7698 44
7699 43
7700 44
7701 43
7702 42
7703 41
7704 42
7705 43
7706 42
7707 41
7708 42
7709 41
7710 42
7711 43
7712 44
7713 43
7714 42
7715 43
7716 42
7717 41
7718 40
7719 39
7720 40
7721 41
7722 42
7723 43
7724 42
7725 43
7726 44
7727 45
7728 44
7729 43
7730 42
7731 43
7732 42
7733 43
7734 42
7735 43
7736 44
7737 43
7738 42
7739 43
7740 44
7741 45
7742 46
7743 45
7744 46
7745 47
7746 46
7747 45
7748 44
7749 43
7750 42
7751 43
7752 42
7753 43
7754 44
7755 43
7756 44
7757 43
7758 44
7759 43
7760 44
7761 45
7762 44
7763 43
7764 42
7765 43
7766 42
7767 41
7768 40
7769 41
7770 40
7771 39
7772 40
7773 39
7774 38
7775 39
7776 40
7777 39
7778 38
7779 39
7780 38
7781 37
7782 38
7783 39
7784 40
7785 41
7786 42
7787 41
7788 42
7789 41
7790 42
7791 41
7792 42
7793 41
7794 42
7795 43
7796 42
7797 43
7798 42
7799 43
7800 44
7801 45
7802 44
7803 43
7804 42
7805 43
7806 42
7807 43
7808 44
7809 45
7810 44
7811 43
7812 44
7813 45
7814 46
7815 45
7816 44
7817 45
7818 46
7819 47
7820 46
7821 45
7822 44
7823 45
7824 46
7825 45
7826 46
7827 45
7828 46
7829 47
7830 46
7831 47
7832 48
7833 47
7834 46
7835 47
7836 48
7837 47
7838 46
7839 47
7840 48
7841 49
7842 48
7843 49
7844 50
7845 51
7846 52
7847 53
7848 54
7849 53
7850 52
7851 53
7852 52
7853 53
7854 52
7855 53
7856 54
7857 53
7858 52
7859 53
7860 52
7861 51
7862 50
7863 51
7864 52
7865 53
7866 52
7867 53
7868 52
7869 51
7870 50
7871 51
7872 50
7873 51
7874 50
7875 49
7876 50
7877 51
7878 50
7879 51
7880 52
7881 51
7882 52
7883 53
7884 54
7885 53
7886 54
7887 53
7888 52
7889 53
7890 52
7891 51
7892 52
7893 51
7894 52
7895 53
7896 52
7897 51
7898 52
7899 51
7900 52
7901 51
7902 50
7903 49
7904 50
7905 51
7906 52
7907 51
7908 52
7909 51
7910 50
7911 51
7912 50
7913 51
7914 52
7915 53
7916 54
7917 53
7918 54
7919 53
7920 52
7921 51
7922 50
7923 51
7924 50
7925 51
7926 50
7927 49
7928 48
7929 49
7930 50
7931 49
7932 50
7933 51
7934 52
7935 51
7936 52
7937 51
7938 50
7939 51
7940 50
7941 51
7942 52
7943 53
7944 54
7945 55
7946 56
7947 57
7948 58
7949 57
7950 58
7951 59
7952 60
7953 61
7954 60
7955 59
7956 60
7957 61
7958 62
7959 61
7960 60
7961 59
7962 60
7963 61
7964 60
7965 59
7966 58
7967 59
7968 60
7969 59
7970 58
7971 57
7972 58
7973 59
7974 58
7975 59
7976 58
7977 57
7978 56
7979 57
7980 58
7981 59
7982 60
7983 59
7984 58
7985 59
7986 60
7987 59
7988 60
7989 61
7990 60
7991 61
7992 62
7993 63
7994 64
7995 63
7996 64
7997 65
7998 66
7999 67
8000 66
8001 67
8002 66
8003 67
8004 66
8005 65
8006 66
8007 65
8008 66
8009 65
8010 64
8011 63
8012 64
8013 65
8014 66
8015 67
8016 66
8017 67
8018 66
8019 67
8020 68
8021 67
8022 66
8023 65
8024 66
8025 65
8026 66
8027 67
8028 68
8029 67
8030 66
8031 65
8032 66
8033 67
8034 68
8035 69
8036 68
8037 69
8038 68
8039 69
8040 70
8041 69
8042 70
8043 69
8044 70
8045 71
8046 72
8047 73
8048 74
8049 75
8050 74
8051 75
8052 74
8053 73
8054 72
8055 73
8056 74
8057 73
8058 74
8059 73
8060 74
8061 75
8062 76
8063 75
8064 74
8065 75
8066 74
8067 75
8068 74
8069 73
8070 72
8071 71
8072 72
8073 71
8074 70
8075 69
8076 70
8077 71
8078 70
8079 69
8080 70
8081 69
8082 68
8083 67
8084 68
8085 67
8086 68
8087 67
8088 68
8089 67
8090 66
8091 65
8092 66
8093 65
8094 66
8095 65
8096 64
8097 63
8098 62
8099 63
8100 62
8101 63
8102 64
8103 65
8104 66
8105 65
8106 64
8107 65
8108 66
8109 65
8110 66
8111 67
8112 66
8113 67
8114 66
8115 67
8116 68
8117 67
8118 66
8119 65
8120 66
8121 65
8122 64
8123 63
8124 62
8125 63
8126 62
8127 61
8128 62
8129 61
8130 62
8131 61
8132 60
8133 61
8134 60
8135 61
8136 60
8137 61
8138 62
8139 63
8140 64
8141 65
8142 64
8143 63
8144 62
8145 63
8146 62
8147 61
8148 62
8149 61
8150 62
8151 61
8152 60
8153 61
8154 62
8155 63
8156 64
8157 63
8158 64
8159 63
8160 64
8161 65
8162 66
8163 67
8164 66
8165 65
8166 64
8167 65
8168 66
8169 65
8170 66
8171 67
8172 68
8173 67
8174 68
8175 69
8176 70
8177 69
8178 70
8179 69
8180 68
8181 69
8182 70
8183 69
8184 68
8185 67
8186 68
8187 67
8188 66
8189 67
8190 66
8191 65
8192 66
8193 65
8194 66
8195 67
8196 68
8197 67
8198 66
8199 67
8200 68
8201 69
8202 68
8203 69
8204 70
8205 71
8206 70
8207 71
8208 72
8209 71
8210 72
8211 73
8212 72
8213 71
8214 70
8215 69
8216 70
8217 69
8218 68
8219 67
8220 66
8221 65
8222 64
8223 65
8224 64
8225 65
8226 66
8227 65
8228 66
8229 67
8230 66
8231 65
8232 66
8233 65
8234 66
8235 67
8236 68
8237 67
8238 68
8239 67
8240 68
8241 67
8242 66
8243 65
8244 64
8245 63
8246 62
8247 63
8248 62
8249 61
8250 60
8251 59
8252 58
8253 59
8254 60
8255 59
8256 60
8257 61
8258 60
8259 61
8260 62
8261 63
8262 64
8263 63
8264 64
8265 63
8266 64
8267 63
8268 62
8269 63
8270 64
8271 63
8272 62
8273 61
8274 60
8275 61
8276 60
8277 61
8278 62
8279 61
8280 62
8281 61
8282 60
8283 59
8284 58
8285 57
8286 58
8287 57
8288 58
8289 59
8290 58
8291 57
8292 56
8293 55
8294 56
8295 57
8296 56
8297 55
8298 54
8299 53
8300 54
8301 53
8302 52
8303 53
8304 52
8305 53
8306 52
8307 53
8308 52
8309 51
8310 50
8311 49
8312 50
8313 49
8314 48
8315 49
8316 50
8317 51
8318 52
8319 53
8320 52
8321 51
8322 52
8323 53
8324 54
8325 55
8326 56
8327 57
8328 56
8329 57
8330 56
8331 55
8332 56
8333 55
8334 56
8335 57
8336 58
8337 59
8338 58
8339 59
8340 58
8341 57
8342 56
8343 57
8344 56
8345 57
8346 58
8347 59
8348 58
8349 57
8350 56
8351 55
8352 56
8353 55
8354 56
8355 57
8356 56
8357 57
8358 58
8359 57
8360 58
8361 59
8362 60
8363 61
8364 60
8365 61
8366 60
8367 61
8368 60
8369 59
8370 60
8371 59
8372 60
8373 61
8374 60
8375 61
8376 62
8377 61
8378 60
8379 61
8380 62
8381 61
8382 62
8383 63
8384 62
8385 61
8386 60
8387 61
8388 60
8389 59
8390 58
8391 59
8392 58
8393 59
8394 60
8395 59
8396 60
8397 59
8398 58
8399 57
8400 56
8401 57
8402 56
8403 55
8404 56
8405 55
8406 54
8407 53
8408 54
8409 53
8410 54
8411 53
8412 52
8413 51
8414 50
8415 51
8416 50
8417 49
8418 48
8419 47
8420 46
8421 45
8422 46
8423 47
8424 48
8425 47
8426 46
8427 47
8428 48
8429 47
8430 46
8431 45
8432 46
8433 45
8434 44
8435 45
8436 46
8437 47
8438 46
8439 47
8440 46
8441 45
8442 44
8443 43
8444 42
8445 43
8446 42
8447 41
8448 40
8449 39
8450 40
8451 41
8452 42
8453 43
8454 42
8455 43
8456 44
8457 43
8458 44
8459 43
8460 44
8461 43
8462 42
8463 43
8464 42
8465 43
8466 44
8467 43
8468 42
8469 41
8470 42
8471 43
8472 44
8473 45
8474 46
8475 47
8476 48
8477 47
8478 46
8479 45
8480 44
8481 45
8482 46
8483 47
8484 46
8485 47
8486 48
8487 49
8488 50
8489 51
8490 52
8491 53
8492 54
8493 53
8494 54
8495 55
8496 56
8497 57
8498 58
8499 57
8500 58
8501 57
8502 56
8503 55
8504 56
8505 55
8506 54
8507 55
8508 56
8509 55
8510 56
8511 57
8512 58
8513 59
8514 58
8515 59
8516 58
8517 57
8518 56
8519 57
8520 58
8521 57
8522 58
8523 57
8524 58
8525 57
8526 58
8527 59
8528 58
8529 59
8530 58
8531 57
8532 58
8533 59
8534 58
8535 57
8536 56
8537 57
8538 56
8539 57
8540 58
8541 59
8542 60
8543 61
8544 62
8545 63
8546 62
8547 63
8548 62
8549 61
8550 60
8551 61
8552 62
8553 63
8554 64
8555 63
8556 62
8557 63
8558 62
8559 63
8560 64
8561 65
8562 66
8563 65
8564 66
8565 65
8566 64
8567 63
8568 64
8569 63
8570 62
8571 63
8572 62
8573 63
8574 62
8575 61
8576 62
8577 61
8578 62
8579 61
8580 60
8581 59
8582 60
8583 59
8584 60
8585 59
8586 58
8587 59
8588 60
8589 61
8590 62
8591 63
8592 64
8593 63
8594 64
8595 65
8596 64
8597 63
8598 64
8599 63
8600 64
8601 65
8602 64
8603 65
8604 64
8605 63
8606 64
8607 63
8608 64
8609 65
8610 64
8611 63
8612 64
8613 65
8614 66
8615 67
8616 68
8617 69
8618 70
8619 69
8620 68
8621 69
8622 70
8623 69
8624 68
8625 69
8626 70
8627 71
8628 72
8629 73
8630 72
8631 73
8632 72
8633 73
8634 72
8635 71
8636 70
8637 69
8638 70
8639 71
8640 70
8641 69
8642 70
8643 69
8644 70
8645 71
8646 70
8647 71
8648 70
8649 69
8650 70
8651 71
8652 70
8653 69
8654 70
8655 71
8656 70
8657 71
8658 70
8659 69
8660 70
8661 71
8662 70
8663 71
8664 70
8665 69
8666 70
8667 71
8668 70
8669 69
8670 70
8671 69
8672 68
8673 69
8674 68
8675 69
8676 70
8677 69
8678 70
8679 69
8680 68
8681 67
8682 66
8683 67
8684 68
8685 67
8686 66
8687 65
8688 64
8689 65
8690 64
8691 63
8692 62
8693 63
8694 64
8695 65
8696 64
8697 65
8698 64
8699 65
8700 66
8701 65
8702 66
8703 67
8704 68
8705 67
8706 68
8707 69
8708 70
8709 71
8710 72
8711 71
8712 72
8713 73
8714 74
8715 75
8716 76
8717 77
8718 78
8719 77
8720 76
8721 75
8722 74
8723 73
8724 72
8725 71
8726 72
8727 71
8728 70
8729 71
8730 72
8731 71
8732 72
8733 73
8734 72
8735 71
8736 70
8737 69
8738 70
8739 71
8740 72
8741 73
8742 74
8743 75
8744 74
8745 73
8746 72
8747 71
8748 70
8749 71
8750 70
8751 69
8752 70
8753 69
8754 70
8755 71
8756 70
8757 71
8758 70
8759 71
8760 72
8761 73
8762 72
8763 71
8764 72
8765 73
8766 74
8767 73
8768 74
8769 73
8770 72
8771 71
8772 72
8773 73
8774 72
8775 71
8776 70
8777 69
8778 70
8779 69
8780 70
8781 71
8782 72
8783 71
8784 72
8785 71
8786 70
8787 69
8788 70
8789 71
8790 70
8791 71
8792 70
8793 71
8794 72
8795 73
8796 72
8797 73
8798 74
8799 75
8800 76
8801 75
8802 74
8803 75
8804 76
8805 77
8806 78
8807 79
8808 78
8809 79
8810 80
8811 81
8812 80
8813 81
8814 82
8815 83
8816 82
8817 83
8818 82
8819 81
8820 80
8821 81
8822 82
8823 81
8824 80
8825 79
8826 78
8827 79
8828 80
8829 79
8830 78
8831 77
8832 78
8833 77
8834 76
8835 75
8836 76
8837 77
8838 78
8839 77
8840 78
8841 79
8842 80
8843 81
8844 80
8845 79
8846 78
8847 79
8848 80
8849 81
8850 80
8851 81
8852 82
8853 83
8854 82
8855 81
8856 80
8857 79
8858 80
8859 81
8860 80
8861 79
8862 78
8863 79
8864 80
8865 81
8866 80
8867 79
8868 80
8869 79
8870 78
8871 79
8872 78
8873 79
8874 78
8875 79
8876 80
8877 79
8878 80
8879 81
8880 82
8881 83
8882 84
8883 85
8884 86
8885 85
8886 86
8887 87
8888 88
8889 89
8890 90
8891 89
8892 88
8893 89
8894 90
8895 91
8896 92
8897 91
8898 90
8899 91
8900 90
8901 91
8902 92
8903 91
8904 90
8905 91
8906 92
8907 93
8908 94
8909 95
8910 94
8911 93
8912 94
8913 93
8914 94
8915 95
8916 96
8917 97
8918 96
8919 97
8920 96
8921 95
8922 96
8923 95
8924 96
8925 97
8926 98
8927 99
8928 100
8929 99
8930 100
8931 99
8932 100
8933 101
8934 102
8935 101
8936 100
8937 101
8938 100
8939 99
8940 98
8941 99
8942 98
8943 97
8944 98
8945 99
8946 100
8947 101
8948 100
8949 99
8950 98
8951 97
8952 98
8953 99
8954 100
8955 99
8956 100
8957 99
8958 100
8959 101
8960 100
8961 101
8962 100
8963 101
8964 102
8965 101
8966 100
8967 99
8968 100
8969 101
8970 102
8971 103
8972 104
8973 103
8974 102
8975 101
8976 102
8977 101
8978 102
8979 101
8980 102
8981 101
8982 100
8983 99
8984 98
8985 99
8986 98
8987 97
8988 98
8989 97
8990 96
8991 95
8992 94
8993 95
8994 96
8995 97
8996 98
8997 99
8998 98
8999 99
9000 100
9001 99
9002 98
9003 97
9004 98
9005 97
9006 96
9007 95
9008 94
9009 93
9010 92
9011 91
9012 92
9013 93
9014 94
9015 95
9016 96
9017 97
9018 98
9019 99
9020 98
9021 99
9022 98
9023 99
9024 98
9025 97
9026 98
9027 99
9028 100
9029 99
9030 98
9031 97
9032 98
9033 97
9034 98
9035 97
9036 98
9037 99
9038 100
9039 99
9040 98
9041 99
9042 100
9043 101
9044 102
9045 101
9046 102
9047 103
9048 102
9049 101
9050 102
9051 101
9052 102
9053 103
9054 104
9055 103
9056 104
9057 103
9058 102
9059 101
9060 100
9061 101
9062 100
9063 101
9064 102
9065 101
9066 100
9067 99
9068 98
9069 97
9070 98
9071 97
9072 98
9073 99
9074 98
9075 99
9076 100
9077 99
9078 100
9079 101
9080 100
9081 99
9082 98
9083 97
9084 98
9085 99
9086 100
9087 99
9088 98
9089 97
9090 98
9091 99
9092 98
9093 99
9094 98
9095 99
9096 100
9097 101
9098 102
9099 101
9100 100
9101 99
9102 100
9103 99
9104 98
9105 97
9106 98
9107 97
9108 96
9109 95
9110 94
9111 93
9112 94
9113 93
9114 92
9115 91
9116 92
9117 91
9118 90
9119 89
9120 90
9121 91
9122 92
9123 93
9124 92
9125 93
9126 92
9127 91
9128 90
9129 89
9130 88
9131 89
9132 90
9133 89
9134 88
9135 89
9136 90
9137 89
9138 90
9139 89
9140 88
9141 87
9142 86
9143 87
9144 86
9145 87
9146 88
9147 89
9148 88
9149 89
9150 90
9151 89
9152 88
9153 89
9154 88
9155 87
9156 86
9157 87
9158 86
9159 87
9160 88
9161 89
9162 88
9163 87
9164 88
9165 89
9166 90
9167 91
9168 92
9169 91
9170 92
9171 91
9172 90
9173 89
9174 90
9175 89
9176 90
9177 89
9178 90
9179 91
9180 92
9181 93
9182 92
9183 93
9184 92
9185 93
9186 92
9187 93
9188 92
9189 93
9190 94
9191 95
9192 94
9193 95
9194 96
9195 97
9196 98
9197 97
9198 96
9199 95
9200 94
9201 95
9202 94
9203 95
9204 96
9205 97
9206 98
9207 97
9208 98
9209 99
9210 98
9211 97
9212 98
9213 99
9214 98
9215 99
9216 98
9217 99
9218 100
9219 101
9220 100
9221 99
9222 98
9223 99
9224 98
9225 97
9226 96
9227 95
9228 96
9229 97
9230 96
9231 97
9232 98
9233 99
9234 98
9235 99
9236 98
9237 99
9238 100
9239 101
9240 102
9241 103
9242 102
9243 101
9244 102
9245 103
9246 104
9247 103
9248 104
9249 103
9250 102
9251 103
9252 102
9253 101
9254 100
9255 101
9256 102
9257 103
9258 104
9259 105
9260 104
9261 103
9262 102
9263 103
9264 104
9265 105
9266 106
9267 105
9268 106
9269 105
9270 106
9271 105
9272 104
9273 105
9274 104
9275 103
9276 104
9277 105
9278 104
9279 103
9280 102
9281 103
9282 102
9283 103
9284 104
9285 105
9286 104
9287 103
9288 102
9289 103
9290 102
9291 103
9292 104
9293 103
9294 102
9295 101
9296 100
9297 99
9298 100
9299 101
9300 102
9301 101
9302 102
9303 103
9304 104
9305 103
9306 102
9307 103
9308 102
9309 101
9310 100
9311 99
9312 98
9313 97
9314 98
9315 97
9316 98
9317 99
9318 98
9319 97
9320 96
9321 97
9322 96
9323 97
9324 98
9325 99
9326 100
9327 99
9328 100
9329 101
9330 100
9331 99
9332 98
9333 97
9334 98
9335 97
9336 96
9337 97
9338 96
9339 97
9340 96
9341 95
9342 96
9343 97
9344 98
9345 99
9346 100
9347 101
9348 100
9349 101
9350 100
9351 99
9352 98
9353 99
9354 98
9355 97
9356 98
9357 97
9358 98
9359 97
9360 98
9361 97
9362 96
9363 97
9364 96
9365 97
9366 96
9367 95
9368 96
9369 97
9370 98
9371 97
9372 96
9373 97
9374 98
9375 99
9376 100
9377 99
9378 98
9379 97
9380 96
9381 95
9382 94
9383 93
9384 94
9385 93
9386 94
9387 95
9388 96
9389 97
9390 98
9391 97
9392 98
9393 99
9394 98
9395 97
9396 96
9397 97
9398 98
9399 99
9400 98
9401 99
9402 98
9403 99
9404 100
9405 101
9406 102
9407 101
9408 100
9409 99
9410 100
9411 99
9412 98
9413 99
9414 98
9415 97
9416 96
9417 97
9418 96
9419 97
9420 98
9421 99
9422 98
9423 97
9424 96
9425 97
9426 98
9427 99
9428 100
9429 99
9430 98
9431 97
9432 96
9433 95
9434 94
9435 95
9436 94
9437 93
9438 92
9439 93
9440 94
9441 93
9442 94
9443 95
9444 96
9445 97
9446 98
9447 99
9448 98
9449 97
9450 98
9451 97
9452 98
9453 99
9454 100
9455 99
9456 100
9457 99
9458 98
9459 97
9460 96
9461 97
9462 96
9463 97
9464 98
9465 99
9466 98
9467 99
9468 98
9469 99
9470 100
9471 101
9472 102
9473 103
9474 104
9475 105
9476 106
9477 107
9478 106
9479 107
9480 106
9481 107
9482 106
9483 105
9484 106
9485 105
9486 106
9487 105
9488 106
9489 105
9490 106
9491 107
9492 108
9493 109
9494 108
9495 107
9496 106
9497 105
9498 104
9499 103
9500 104
9501 105
9502 106
9503 107
9504 106
9505 105
9506 106
9507 105
9508 106
9509 107
9510 106
9511 105
9512 104
9513 103
9514 104
9515 105
9516 106
9517 105
9518 106
9519 105
9520 106
9521 107
9522 108
9523 109
9524 108
9525 109
9526 110
9527 109
9528 110
9529 109
9530 110
9531 109
9532 108
9533 109
9534 108
9535 109
9536 110
9537 109
9538 108
9539 109
9540 110
9541 111
9542 110
9543 111
9544 112
9545 111
9546 110
9547 109
9548 110
9549 111
9550 112
9551 111
9552 112
9553 113
9554 114
9555 113
9556 114
9557 113
9558 112
9559 113
9560 114
9561 113
9562 114
9563 113
9564 114
9565 113
9566 112
9567 113
9568 112
9569 111
9570 110
9571 111
9572 112
9573 111
9574 110
9575 109
9576 110
9577 111
9578 110
9579 109
9580 110
9581 109
9582 110
9583 109
9584 110
9585 109
9586 108
9587 109
9588 108
9589 109
9590 110
9591 109
9592 110
9593 109
9594 110
9595 111
9596 112
9597 113
9598 114
9599 113
9600 114
9601 115
9602 114
9603 113
9604 112
9605 113
9606 114
9607 115
9608 114
9609 113
9610 114
9611 113
9612 112
9613 111
9614 110
9615 109
9616 110
9617 109
9618 108
9619 107
9620 106
9621 105
9622 104
9623 103
9624 102
9625 103
9626 102
9627 101
9628 102
9629 101
9630 102
9631 101
9632 100
9633 99
9634 100
9635 101
9636 102
9637 103
9638 104
9639 103
9640 102
9641 103
9642 104
9643 105
9644 104
9645 105
9646 106
9647 105
9648 106
9649 107
9650 108
9651 107
9652 108
9653 109
9654 108
9655 107
9656 108
9657 109
9658 108
9659 109
9660 108
9661 107
9662 108
9663 107
9664 106
9665 107
9666 108
9667 107
9668 106
9669 107
9670 108
9671 107
9672 106
9673 105
9674 106
9675 105
9676 104
9677 105
9678 106
9679 105
9680 104
9681 103
9682 104
9683 103
9684 102
9685 103
9686 102
9687 101
9688 102
9689 103
9690 102
9691 101
9692 100
9693 99
9694 98
9695 99
9696 98
9697 97
9698 98
9699 97
9700 98
9701 99
9702 98
9703 99
9704 100
9705 99
9706 98
9707 97
9708 98
9709 97
9710 96
9711 95
9712 96
9713 95
9714 94
9715 93
9716 94
9717 93
9718 92
9719 91
9720 90
9721 91
9722 92
9723 91
9724 90
9725 91
9726 92
9727 91
9728 90
9729 89
9730 88
9731 89
9732 90
9733 89
9734 90
9735 89
9736 90
9737 89
9738 88
9739 87
9740 86
9741 85
9742 86
9743 87
9744 88
9745 89
9746 88
9747 89
9748 88
9749 89
9750 90
9751 89
9752 88
9753 89
9754 88
9755 89
9756 90
9757 91
9758 90
9759 91
9760 90
9761 91
9762 90
9763 89
9764 88
9765 89
9766 90
9767 91
9768 92
9769 91
9770 92
9771 91
9772 92
9773 93
9774 92
9775 91
9776 92
9777 93
9778 94
9779 95
9780 96
9781 95
9782 94
9783 93
9784 92
9785 91
9786 90
9787 91
9788 90
9789 89
9790 88
9791 87
9792 86
9793 87
9794 88
9795 87
9796 86
9797 87
9798 88
9799 87
9800 86
9801 87
9802 86
9803 87
9804 88
9805 89
9806 88
9807 89
9808 90
9809 89
9810 88
9811 89
9812 88
9813 89
9814 90
9815 91
9816 90
9817 89
9818 90
9819 91
9820 90
9821 89
9822 90
9823 89
9824 88
9825 89
9826 90
9827 89
9828 90
9829 91
9830 92
9831 93
9832 94
9833 95
9834 94
9835 93
9836 92
9837 91
9838 90
9839 89
9840 88
9841 87
9842 88
9843 89
9844 90
9845 89
9846 88
9847 87
9848 88
9849 87
9850 86
9851 85
9852 86
9853 87
9854 86
9855 87
9856 88
9857 89
9858 88
9859 87
9860 86
9861 85
9862 86
9863 85
9864 86
9865 85
9866 84
9867 83
9868 84
9869 85
9870 86
9871 85
9872 86
9873 85
9874 84
9875 85
9876 84
9877 83
9878 84
9879 85
9880 84
9881 85
9882 84
9883 83
9884 82
9885 81
9886 82
9887 81
9888 82
9889 81
9890 82
9891 81
9892 82
9893 83
9894 82
9895 83
9896 82
9897 83
9898 84
9899 85
9900 86
9901 87
9902 88
9903 89
9904 90
9905 89
9906 90
9907 89
9908 90
9909 89
9910 88
9911 89
9912 90
9913 89
9914 90
9915 89
9916 90
9917 91
9918 90
9919 89
9920 88
9921 87
9922 88
9923 89
9924 88
9925 89
9926 88
9927 89
9928 88
9929 87
9930 86
9931 85
9932 84
9933 83
9934 82
9935 81
9936 82
9937 81
9938 80
9939 79
9940 80
9941 81
9942 80
9943 79
9944 78
9945 77
9946 78
9947 77
9948 76
9949 75
9950 74
9951 73
9952 74
9953 75
9954 76
9955 77
9956 78
9957 79
9958 78
9959 79
9960 80
9961 79
9962 80
9963 79
9964 78
9965 79
9966 80
9967 81
9968 80
9969 81
9970 82
9971 83
9972 82
9973 81
9974 82
9975 81
9976 80
9977 79
9978 78
9979 77
9980 78
9981 79
9982 78
9983 79
9984 78
9985 79
9986 80
9987 79
9988 78
9989 79
9990 80
9991 79
9992 80
9993 81
9994 80
9995 81
9996 82
9997 83
9998 84
9999 83
